Goal_X,	Goal_Y,	Time,	Distance,	Theta_Changes,	Collisions,	Samples
5.7500,	-1.4500,	20.5002,	6.6917,	4.7609,	0,	205
2.4000,	1.4000,	32.4000,	10.3363,	18.2722,	0,	323
9.5000,	2.3000,	21.5000,	7.4432,	3.8074,	0,	214
5.4500,	-2.4000,	49.2000,	18.9998,	29.5165,	0,	491
7.1000,	-1.0000,	11.6000,	2.1700,	3.9870,	0,	115
-2.4500,	1.9000,	89.0000,	12.7230,	14.4404,	0,	889
5.6000,	-1.5500,	39.7000,	11.7013,	21.2001,	0,	396
1.4000,	2.4000,	30.3000,	9.4716,	17.0584,	0,	302
9.9000,	-6.5500,	50.1000,	16.9687,	26.4496,	0,	500
-0.5000,	1.7000,	48.9000,	15.2697,	20.6243,	0,	488
