 7.03846760e+02 5.11080033e+02 6.12853285e+02 5.09215194e+02
 3.52426767e+02 5.48919218e+02 7.04819022e+02 4.87260828e+02
 5.43323323e+02 5.25242940e+02 6.73627895e+02 5.81385089e+02
 3.70808903e+02 4.98446004e+02 6.98403775e+02 5.95656982e+02
 5.88437161e+02 5.53834612e+02 7.59637852e+02 5.55888614e+02
 5.79900133e+02 5.39721757e+02 8.59093906e+02 5.42358690e+02
 5.15702849e+02 5.82044424e+02 9.04678642e+02 4.59650781e+02
 3.09677552e+02 6.12092946e+02 8.47982839e+02 3.64801837e+02
 1.35957658e+02 5.87208036e+02 8.95962032e+02 2.94441960e+02
 2.45153509e+02 5.06635197e+02 8.59726176e+02 2.48207847e+02
 1.23856722e+02 4.86961874e+02 8.77338882e+02 2.70825388e+02
 1.37028963e+02 4.79249980e+02 9.40906343e+02 2.55362987e+02
 1.40819737e+02 4.42346240e+02 9.01760670e+02 2.51235828e+02
 1.57146075e+02 4.55029568e+02 9.44657855e+02 2.86318878e+02
 1.21940561e+02 4.68165497e+02 9.59993665e+02 2.76366622e+02
 2.77504882e+02 5.15112514e+02 9.48872793e+02 2.87488822e+02
 4.45651642e+02 5.62831795e+02 9.43650890e+02 3.36040084e+02
 5.26458990e+02 6.52261483e+02 9.38506880e+02 3.12425677e+02
 6.57425329e+02 7.04923469e+02 9.37813626e+02 2.92521301e+02
 6.62213961e+02 7.26531178e+02 8.90333277e+02 2.79608947e+02
 9.58497943e+02 7.92108010e+02 8.51017229e+02 3.00320720e+02
 8.30672683e+02 8.59227305e+02 8.11484615e+02 2.50928217e+02
 7.35146891e+02 8.86468257e+02 7.53259418e+02 2.42548915e+02
 9.57778695e+02 9.32907754e+02 5.81836799e+02 2.84807957e+02
 8.15228261e+02 9.46142855e+02 5.10060180e+02 3.18122947e+02
 7.92734131e+02 9.56577906e+02 6.34899518e+02 4.03010229e+02
 6.36890763e+02 9.56933344e+02 6.86956235e+02 5.18043112e+02
 6.43969180e+02 9.59544484e+02 7.31527241e+02 6.28546217e+02
 1.28607543e+02 9.53933787e+02 7.87153567e+02 6.99618430e+02
 3.53393832e+02 9.21392955e+02 8.07969330e+02 7.80841525e+02
 1.27327677e+02 8.71083163e+02 7.76054969e+02 8.56614934e+02
 1.24963685e+02 7.72751406e+02 7.86276477e+02 9.12045343e+02
 1.40346281e+02 7.10025739e+02 8.69335975e+02 9.42004721e+02
 2.24829480e+02 5.71789660e+02 8.61037336e+02 9.55002336e+02
 1.21411628e+02 4.53202148e+02 8.90663177e+02 9.59478613e+02
 1.54367787e+02 3.72116896e+02 9.38022593e+02 9.57908173e+02
 1.70806078e+02 2.47171597e+02 9.40462252e+02 9.46071269e+02
 5.57629773e+02 1.87519772e+02 8.77851176e+02 9.55978062e+02
 3.11969808e+02 1.54622740e+02 8.67651131e+02 9.56525639e+02
 3.57553816e+02 1.25173227e+02 9.13678551e+02 9.49970472e+02
 6.53307775e+02 1.27199391e+02 8.91369130e+02 9.52507471e+02
 7.10077214e+02 1.88324217e+02 8.98502655e+02 9.55903927e+02
 7.00197994e+02 2.98186462e+02 8.88743391e+02 9.51008672e+02
 6.49746279e+02 3.95260593e+02 8.74092280e+02 9.53707311e+02
 6.06104887e+02 5.81007001e+02 8.53502303e+02 9.48382125e+02
 5.71713500e+02 7.12990235e+02 8.02495814e+02 9.32641438e+02
 4.68930656e+02 8.44813249e+02 8.10430917e+02 9.43302760e+02
 7.01552465e+02 9.28910049e+02 7.65795127e+02 9.33211710e+02
 8.83023495e+02 9.59817841e+02 8.19595773e+02 9.26460379e+02
 9.09001931e+02 9.53339085e+02 8.56390489e+02 9.10377955e+02
 9.15055420e+02 8.04888694e+02 8.55522216e+02 8.83344238e+02
 8.31698720e+02 6.60576253e+02 8.53592827e+02 8.42633751e+02
 9.02674358e+02 4.13328006e+02 8.97159543e+02 8.19272702e+02
 8.81212198e+02 1.74274759e+02 8.89288412e+02 7.90450194e+02
 8.58675629e+02 1.20292394e+02 8.40115499e+02 7.86412553e+02
 8.97575493e+02 1.82153178e+02 6.91052772e+02 6.79523811e+02
 9.51159399e+02 4.07228635e+02 6.09629728e+02 5.72372449e+02
 9.07556833e+02 5.49078882e+02 4.68476020e+02 4.66318654e+02
 8.91551723e+02 7.09663672e+02 3.53715415e+02 3.36731034e+02
 9.59683565e+02 8.05159690e+02 2.65871604e+02 2.67393818e+02
 8.56138075e+02 9.47621763e+02 2.36338719e+02 1.97581294e+02
 9.33761074e+02 9.52340698e+02 1.94588516e+02 1.38217359e+02
 9.53951191e+02 8.71196685e+02 1.34166130e+02 1.23105378e+02
 9.40114613e+02 7.10675785e+02 1.20105373e+02 1.97096276e+02
 7.55758260e+02 6.07876665e+02 1.25075589e+02 3.16914635e+02
 9.05047877e+02 5.42332636e+02 1.62658765e+02 4.35320641e+02
 9.50340071e+02 3.35302433e+02 2.09880413e+02 6.05574213e+02
 8.41896071e+02 2.33929773e+02 3.28500013e+02 6.87542436e+02
 7.06683780e+02 1.71299336e+02 2.62018374e+02 8.36541199e+02
 6.48263834e+02 1.24378541e+02 3.68391079e+02 9.27911446e+02
 5.46039472e+02 1.71623619e+02 3.86503981e+02 9.57417988e+02
 5.93697280e+02 2.79459467e+02 5.15131419e+02 9.52962712e+02
 4.65606376e+02 4.59547838e+02 5.68949727e+02 9.30543332e+02
 1.71173877e+02 6.25515569e+02 5.69952088e+02 9.04954468e+02
 3.31476024e+02 8.29470554e+02 6.15283867e+02 9.07723041e+02
 1.98975009e+02 9.31002191e+02 6.14143503e+02 8.91344326e+02
 3.27351998e+02 9.59959864e+02 6.44896863e+02 8.94694505e+02
 1.87952261e+02 9.31306901e+02 7.94885974e+02 8.70368420e+02
 1.23893975e+02 8.98281254e+02 8.15414257e+02 8.61368690e+02
 1.29218429e+02 7.64201812e+02 8.81444130e+02 8.75979976e+02
 1.26517559e+02 5.79161654e+02 9.51433021e+02 9.03996503e+02
 1.20337141e+02 4.61026691e+02 9.43013758e+02 9.02641644e+02
 1.92152195e+02 3.26068866e+02 9.25107890e+02 9.45480914e+02
 1.87508342e+02 1.47820991e+02 8.62642010e+02 9.32556980e+02
 1.58290955e+02 1.21601929e+02 7.25480538e+02 9.59385763e+02
 2.72607500e+02 1.23224763e+02 6.00684323e+02 9.41331611e+02
 1.34378349e+02 1.37656213e+02 4.07729382e+02 8.96451031e+02
 1.59376807e+02 1.52543003e+02 1.81969888e+02 8.12566155e+02
 1.63118068e+02 1.80989369e+02 1.37438335e+02 6.72207074e+02
 2.13876405e+02 2.96905446e+02 1.22347359e+02 5.62032476e+02
 1.28178139e+02 3.78555504e+02 1.41852934e+02 3.71140032e+02
 3.99990500e+02 4.13765434e+02 2.07073342e+02 3.18993402e+02
 2.21761013e+02 5.77922721e+02 3.23074034e+02 2.17665273e+02
 2.07055535e+02 6.16399606e+02 4.10517481e+02 1.37435914e+02
 2.25869609e+02 6.61805218e+02 6.76473153e+02 1.24326842e+02
 3.65819096e+02 7.58242966e+02 7.53415500e+02 1.49082513e+02
 1.90975081e+02 7.59942413e+02 8.74697325e+02 2.02409605e+02
 5.61485849e+02 8.18828300e+02 9.36786516e+02 2.33350139e+02
 2.43561535e+02 9.07399703e+02 9.15986134e+02 2.36336562e+02
 4.91105229e+02 9.11528374e+02 7.93114405e+02 2.38002528e+02
 2.15151211e+02 9.51690302e+02 6.33919910e+02 2.22485110e+02
 2.37119753e+02 9.57183283e+02 3.89640777e+02 2.33588102e+02
 1.50922907e+02 9.47848057e+02 2.55953481e+02 2.06888027e+02
 1.58212270e+02 9.24410383e+02 1.26657388e+02 2.23973682e+02
 1.25024674e+02 8.87899421e+02 1.60908611e+02 2.21494985e+02
 1.43775550e+02 7.89939141e+02 3.01134609e+02 2.92450508e+02
 2.06767337e+02 7.60173435e+02 4.61092856e+02 3.07691879e+02
 1.20114118e+02 6.15610574e+02 6.03704046e+02 2.88909861e+02
 1.34643931e+02 4.98462958e+02 8.55112347e+02 2.74810696e+02
 1.57824705e+02 3.73025775e+02 9.23519438e+02 2.85714478e+02
 1.25512695e+02 3.31230489e+02 9.57806848e+02 3.13694020e+02
 1.21385614e+02 2.47330595e+02 9.14931216e+02 3.42070459e+02
 3.48862607e+02 2.32789683e+02 8.48807214e+02 4.50875273e+02
 1.47813825e+02 1.57656300e+02 7.23703765e+02 5.46170755e+02
 1.75797449e+02 1.25775603e+02 6.65451757e+02 6.40639748e+02
 2.05772454e+02 1.22761895e+02 4.85263217e+02 7.63567292e+02
 2.49440461e+02 1.58965136e+02 3.66094686e+02 8.66232597e+02
 2.91363097e+02 2.03311593e+02 3.37055542e+02 9.24608571e+02
 2.97168600e+02 3.63658427e+02 2.87087345e+02 9.53504216e+02
 4.28286467e+02 4.40009917e+02 2.47347907e+02 9.59079693e+02
 1.53218520e+02 6.25881545e+02 2.05994218e+02 9.57811655e+02
 1.29166602e+02 7.25135634e+02 1.37197215e+02 9.45816507e+02
 1.62367715e+02 8.03346911e+02 1.33373274e+02 9.32477767e+02
 2.19414979e+02 9.11002369e+02 1.20000611e+02 8.87516765e+02
 1.81598114e+02 9.59749245e+02 1.23635902e+02 8.58956586e+02
 3.89776432e+02 9.50125721e+02 1.64080543e+02 8.32023680e+02
 2.47370080e+02 8.38561000e+02 2.49292064e+02 7.46227364e+02
 5.43245852e+02 6.68748004e+02 2.66771494e+02 7.01587302e+02
 6.14473192e+02 4.61439131e+02 3.47675602e+02 5.90474789e+02
 6.17496872e+02 2.70568727e+02 3.33289837e+02 5.52056294e+02
 5.24509909e+02 1.54396493e+02 4.59511463e+02 4.46814484e+02
 3.99159835e+02 1.24112872e+02 6.27569584e+02 3.33049123e+02
 7.22767696e+02 1.40039427e+02 6.76801205e+02 2.67971538e+02
 5.36554335e+02 1.53696358e+02 8.18042437e+02 2.28819058e+02
 6.40686300e+02 2.58006789e+02 8.94884591e+02 1.61726629e+02
 6.44595774e+02 3.12087818e+02 9.24381760e+02 1.24382658e+02
 7.75363560e+02 3.82719105e+02 9.57141386e+02 1.26423558e+02
 7.80870071e+02 4.50679662e+02 9.46809955e+02 1.56190297e+02
 7.92333513e+02 4.37958377e+02 9.53720439e+02 2.19739429e+02
 9.59910973e+02 4.30247733e+02 9.42074814e+02 3.28724189e+02
 9.45016318e+02 4.35009106e+02 9.34721270e+02 4.91840373e+02
 9.07321497e+02 4.17285803e+02 8.84997825e+02 6.62559307e+02
 8.10253056e+02 4.02115558e+02 8.77208836e+02 7.63313300e+02
 7.84419682e+02 3.45446203e+02 8.35259250e+02 8.22886541e+02
 3.73170239e+02 3.33756235e+02 7.59541869e+02 8.78673806e+02
 2.22897723e+02 3.66017687e+02 7.59787627e+02 9.02965710e+02
 2.00551606e+02 3.75875789e+02 5.66352188e+02 9.35854610e+02
 2.28586010e+02 4.29654154e+02 5.06827240e+02 9.44957463e+02
 1.25154618e+02 4.42212877e+02 4.21206423e+02 9.59985413e+02
 1.22182919e+02 3.32219490e+02 3.63270781e+02 9.59766320e+02
 1.78852319e+02 2.87963891e+02 2.68455987e+02 9.57202022e+02
 3.90794921e+02 2.58880877e+02 2.90065347e+02 9.59579193e+02
 7.34187877e+02 2.14068509e+02 1.85956782e+02 9.57946928e+02
 7.15757454e+02 1.66623569e+02 1.48500742e+02 9.46593635e+02
 8.14852289e+02 1.38501753e+02 1.69965288e+02 9.04293038e+02
 8.88258611e+02 1.23355352e+02 1.37562773e+02 8.84769984e+02
 9.50725365e+02 1.20075924e+02 1.23952307e+02 8.85138186e+02
 8.73792467e+02 1.24025534e+02 1.21413313e+02 8.81500304e+02
 6.87411417e+02 1.20024951e+02 1.39626360e+02 8.71938524e+02
 6.18693541e+02 1.34574211e+02 1.61011159e+02 8.23235329e+02
 2.22801639e+02 1.82519539e+02 2.04755491e+02 8.04017388e+02
 1.68384915e+02 3.03362647e+02 2.82076215e+02 8.12575766e+02
 1.32912713e+02 4.52304533e+02 3.46530513e+02 8.04115171e+02
 3.64734107e+02 5.67891376e+02 6.17713446e+02 8.04716191e+02
 7.70976147e+02 7.56712179e+02 6.76452792e+02 7.85797789e+02
 8.55499214e+02 8.26144538e+02 7.91386557e+02 7.38953406e+02
 9.21019582e+02 8.72569239e+02 8.74970989e+02 6.61838126e+02
 8.66104596e+02 8.98852875e+02 9.52367579e+02 6.23829656e+02
 9.53782421e+02 9.28483449e+02 9.59197516e+02 4.44371669e+02
 7.32023545e+02 9.32886893e+02 8.74581564e+02 3.95119242e+02
 7.80794531e+02 9.36065450e+02 7.80689583e+02 2.37224583e+02
 2.72542845e+02 9.45413474e+02 6.40756683e+02 1.62150455e+02
 2.21406666e+02 9.52548357e+02 4.36221868e+02 1.21168923e+02
 2.71778116e+02 9.58890118e+02 3.02819225e+02 1.48140133e+02
 1.25092518e+02 9.38262001e+02 1.90716773e+02 2.64287146e+02
 1.51770513e+02 9.30652812e+02 1.44957311e+02 4.60170002e+02
 2.09625310e+02 8.85787626e+02 1.31454121e+02 6.10850952e+02
 2.34228018e+02 7.56819799e+02 1.22715844e+02 7.95002120e+02
 2.49452302e+02 7.46921552e+02 1.64453779e+02 9.38849596e+02
 1.74575106e+02 7.57525124e+02 2.20413692e+02 9.57346892e+02
 1.35555013e+02 6.95723941e+02 2.05654573e+02 8.53714201e+02
 1.40310077e+02 6.83517479e+02 2.43653131e+02 6.49126945e+02
 1.38950030e+02 6.92278264e+02 2.71703415e+02 3.89959345e+02
 1.25288464e+02 6.96421647e+02 3.24624702e+02 2.39217288e+02
 3.71327581e+02 6.20844960e+02 2.72981489e+02 1.64815519e+02
 4.16519197e+02 6.32981053e+02 3.32722568e+02 1.22369013e+02
 4.81087067e+02 5.22824843e+02 3.93378353e+02 1.21665420e+02
 7.10542475e+02 4.47433052e+02 4.89356514e+02 1.56661030e+02
 9.44443936e+02 3.58629143e+02 4.68514909e+02 1.65207852e+02
 7.25909056e+02 2.78945572e+02 5.03189070e+02 2.36727423e+02
 9.45228449e+02 2.78236492e+02 6.56015844e+02 2.85060466e+02
 9.57717119e+02 2.68767975e+02 7.71373456e+02 3.56301340e+02
 8.13339273e+02 2.58739855e+02 9.28998264e+02 5.15704839e+02
 7.71662103e+02 3.51588029e+02 9.50694977e+02 7.10208945e+02
 5.47550049e+02 3.50509551e+02 9.45117934e+02 7.87569229e+02
 1.73683183e+02 4.30307656e+02 8.46345590e+02 8.47962862e+02
 1.43896840e+02 5.41050704e+02 6.25168603e+02 9.43080869e+02
 1.24369550e+02 6.28379828e+02 5.32659810e+02 9.59317693e+02
 1.41875750e+02 7.23614139e+02 3.01723690e+02 8.81971592e+02
 2.02179128e+02 7.69046459e+02 1.48990298e+02 7.80889802e+02
 6.28207977e+02 8.57428339e+02 1.20459428e+02 5.92908179e+02
 7.22233355e+02 9.18444668e+02 1.71765049e+02 4.22927781e+02
 9.51880288e+02 9.39417215e+02 2.24738019e+02 2.67766395e+02
 8.84052584e+02 9.40077835e+02 2.91124569e+02 1.42936769e+02
 9.08034493e+02 9.23844583e+02 3.64656910e+02 1.20211717e+02
 6.91819109e+02 8.71493918e+02 3.98214529e+02 1.64825362e+02
 6.42839052e+02 7.98860922e+02 4.64701539e+02 2.62393341e+02
 1.82820453e+02 7.27788309e+02 4.96704304e+02 4.66514492e+02
 3.57261544e+02 5.74479367e+02 5.61214166e+02 6.57780638e+02
 2.37300403e+02 5.51858463e+02 5.99775293e+02 7.87236006e+02
 1.37406468e+02 5.02978846e+02 6.57212058e+02 9.00102600e+02
 1.40838323e+02 4.79845970e+02 7.80300833e+02 9.59650568e+02
 2.79051844e+02 4.65109206e+02 8.10528846e+02 9.47928326e+02
 4.37422163e+02 3.52407071e+02 7.58793297e+02 8.82210948e+02
 2.40730748e+02 2.57341951e+02 7.56894597e+02 7.97285819e+02
 7.94138050e+02 2.20870236e+02 7.60987621e+02 5.43130872e+02
 7.44076827e+02 1.81964411e+02 7.93008299e+02 3.53615186e+02
 7.79490333e+02 1.39090160e+02 6.52926541e+02 2.05356863e+02
 7.84145403e+02 1.32565697e+02 7.03092051e+02 1.20431218e+02
 9.12347421e+02 1.20052940e+02 7.63114736e+02 1.51532735e+02
 8.75231527e+02 1.35857880e+02 6.99936050e+02 2.05193078e+02
 9.35393758e+02 1.60868709e+02 6.62593984e+02 3.12894631e+02
 9.08998941e+02 2.10821067e+02 6.05269152e+02 5.18144309e+02
 9.58776032e+02 3.12537532e+02 5.09782427e+02 6.98557914e+02
 9.05654729e+02 3.26927913e+02 4.62908451e+02 8.12023755e+02
 7.99749418e+02 3.95464486e+02 3.91953185e+02 8.75557196e+02
 4.75855204e+02 4.62179204e+02 4.04064409e+02 9.18325488e+02
 4.66638869e+02 5.45652759e+02 3.96357979e+02 9.58744558e+02
 2.30866134e+02 6.16524713e+02 3.81666935e+02 9.37920444e+02
 1.20107607e+02 6.32739264e+02 4.75066737e+02 8.57858658e+02
 1.52131769e+02 7.26497414e+02 4.67281739e+02 7.70785529e+02
 5.83814842e+02 7.73058715e+02 5.70677627e+02 5.72520172e+02
 3.65124825e+02 8.51598437e+02 6.62861188e+02 4.79178393e+02
 8.15466086e+02 9.00197201e+02 6.44119725e+02 3.50982165e+02
 8.51597430e+02 9.38109840e+02 6.90480998e+02 2.57651992e+02
 9.21905058e+02 9.53785692e+02 6.67133348e+02 1.67808463e+02
 8.80369508e+02 9.05719667e+02 6.00314022e+02 1.25767669e+02
 9.45891871e+02 8.03331172e+02 6.20116702e+02 1.21433411e+02
 8.17493351e+02 6.07255062e+02 5.12197183e+02 1.53739008e+02
 5.79240103e+02 4.62394632e+02 5.52154690e+02 2.42623971e+02
 3.81264334e+02 2.84489158e+02 4.13062962e+02 4.20331841e+02
 3.48079783e+02 1.63813268e+02 4.22300609e+02 6.60203529e+02
 1.27068304e+02 1.23469526e+02 3.94818031e+02 8.22566230e+02
 1.50210675e+02 2.07850722e+02 4.70371402e+02 9.41909218e+02
 1.43745939e+02 3.99103734e+02 4.11282442e+02 9.43101413e+02
 1.95968256e+02 6.04868475e+02 4.57718060e+02 8.35279404e+02
 4.54243225e+02 7.69924719e+02 4.35666602e+02 6.64355556e+02
 2.74730755e+02 8.74793662e+02 3.85737951e+02 4.97820980e+02
 7.07440018e+02 9.49406472e+02 3.96524014e+02 3.06893555e+02
 6.23692115e+02 9.50355862e+02 4.01201345e+02 1.72743202e+02
 9.07770986e+02 8.65363329e+02 2.91291394e+02 1.21641568e+02
 9.40097861e+02 6.42491803e+02 2.35315498e+02 1.83402723e+02
 9.47574410e+02 4.09508070e+02 1.59358191e+02 3.32897841e+02
 6.64579843e+02 2.54603092e+02 1.43000178e+02 5.89630714e+02
 7.34407626e+02 1.47376901e+02 1.25100474e+02 7.98079869e+02
 5.33935922e+02 1.21698088e+02 1.26937865e+02 9.52338156e+02
 3.43189549e+02 1.53976598e+02 1.22263773e+02 9.28400203e+02
 3.17955054e+02 2.50259267e+02 1.31800148e+02 8.46270427e+02
 1.48095765e+02 3.76350188e+02 1.29605788e+02 6.61590824e+02
 1.43861734e+02 4.05716553e+02 1.24012535e+02 5.74552891e+02
 1.34540601e+02 4.71450673e+02 1.22246033e+02 4.68689081e+02
 1.81467259e+02 5.75803556e+02 1.26911748e+02 3.47961032e+02
 3.52545609e+02 6.33088009e+02 1.29184954e+02 2.09726194e+02
 5.15300029e+02 7.39614846e+02 1.29872584e+02 1.59060762e+02
 6.21984008e+02 8.91371664e+02 1.34469196e+02 1.24241410e+02
 8.61497660e+02 9.48459696e+02 1.68228395e+02 1.20198564e+02
 8.66380697e+02 9.59973814e+02 1.85718655e+02 1.45173142e+02
 9.48986917e+02 9.24524536e+02 1.76047145e+02 2.00141916e+02
 9.28267634e+02 8.21524297e+02 2.59644302e+02 3.23606053e+02
 8.76873000e+02 7.07913233e+02 2.42533297e+02 4.34032048e+02
 5.86913603e+02 5.61827768e+02 3.18460081e+02 5.40580427e+02
 5.66568668e+02 4.18960472e+02 3.02660899e+02 6.13827464e+02
 3.80771349e+02 3.90849829e+02 3.58968676e+02 7.69709951e+02
 2.14783556e+02 2.35936407e+02 3.65622766e+02 8.78857152e+02
 1.46615706e+02 1.63417509e+02 4.97250253e+02 9.48235330e+02
 2.65638397e+02 1.45119445e+02 6.02703621e+02 9.55050786e+02
 2.14950317e+02 1.20333798e+02 7.19707410e+02 9.10110505e+02
 4.69168912e+02 1.26190166e+02 8.10040274e+02 8.13923282e+02
 6.99553154e+02 1.47376792e+02 9.03149285e+02 7.57180457e+02
 7.15833034e+02 2.12765480e+02 9.09050432e+02 6.16848103e+02
 9.16435625e+02 3.38291630e+02 9.52908599e+02 4.85613587e+02
 9.19518390e+02 3.65799350e+02 9.59710387e+02 4.32239013e+02
 9.57579419e+02 5.07675871e+02 9.30986790e+02 3.13127838e+02
 9.24841227e+02 6.25628967e+02 8.85248887e+02 1.96889833e+02
 5.84982592e+02 7.41373333e+02 8.39255416e+02 1.43082657e+02
 6.44183525e+02 8.84785496e+02 7.13564502e+02 1.20781003e+02
 5.76636202e+02 8.93496438e+02 4.19328670e+02 1.40184365e+02
 1.78198603e+02 9.41943078e+02 3.49155481e+02 1.69742999e+02
 1.20012164e+02 9.55337985e+02 2.96443831e+02 1.87316218e+02
 1.31657009e+02 9.42756473e+02 2.96480242e+02 2.94176217e+02
 2.77019779e+02 8.70087539e+02 1.97843865e+02 3.68662342e+02
 4.30506815e+02 7.46002255e+02 1.63802699e+02 5.03625067e+02
 3.12427000e+02 6.52685007e+02 1.45124551e+02 5.83898990e+02
 6.10557393e+02 5.74466109e+02 1.44024907e+02 6.68473850e+02
 8.31635247e+02 4.19642081e+02 1.22712618e+02 8.15748646e+02
 9.19111291e+02 3.17318441e+02 1.20495604e+02 9.11288062e+02
 8.49971648e+02 1.85657144e+02 1.20332907e+02 9.55907753e+02
 8.08368775e+02 1.26903828e+02 1.22573078e+02 9.32812123e+02
 4.91297893e+02 1.21049555e+02 1.20127942e+02 8.34486043e+02
 3.35860735e+02 1.42077244e+02 1.23720978e+02 7.01582065e+02
