 4.00752503e-01 -6.89115924e-02 1.74342054e-01 -7.33629473e-02
 -4.62964986e-01 2.12378288e-02 4.03267953e-01 -1.25901810e-01
 7.91275684e-03 -3.51430916e-02 3.23789746e-01 9.86960789e-02
 -4.14613214e-01 -9.91002131e-02 3.86719104e-01 1.32907568e-01
 1.15583762e-01 3.29455108e-02 5.50305050e-01 3.78390624e-02
 9.51437983e-02 -6.62483204e-04 8.62924533e-01 5.61595867e-03
 -5.78826766e-02 1.00273725e-01 1.05172951e+00 -1.92494245e-01
 -5.80433847e-01 1.72504153e-01 8.23151880e-01 -4.30294510e-01
 -1.29425523e+00 1.12638113e-01 1.01131149e+00 -6.24463368e-01
 -7.78223617e-01 -7.95238003e-02 8.65242907e-01 -7.68062833e-01
 -1.70641904e+00 -1.26619318e-01 9.32627219e-01 -6.95659633e-01
 -1.28506171e+00 -1.45152072e-01 1.26810910e+00 -7.44640053e-01
 -1.88697934e+00 -2.34656541e-01 1.03789147e+00 -7.58087233e-01
 -1.99453771e+00 -2.03716689e-01 1.29967457e+00 -6.48513893e-01
 -1.66696227e+00 -1.71879577e-01 1.57628885e+00 -6.78593209e-01
 -2.46647601e+00 -5.92906507e-02 1.34009667e+00 -6.45023342e-01
 -2.91502015e+00 5.43882275e-02 1.29086186e+00 -5.07070954e-01
 -3.10934657e+00 2.70578825e-01 1.24949704e+00 -5.72629105e-01
 -3.42495358e+00 4.03538342e-01 1.24431068e+00 -6.30111684e-01
 -3.43684953e+00 4.60193909e-01 9.86547868e-01 -6.68715554e-01
 -4.79698755e+00 6.43822605e-01 8.33839652e-01 -6.07315378e-01
 -3.90595632e+00 8.63413152e-01 7.02846162e-01 -7.59096328e-01
 -5.79996242e+00 9.70068476e-01 5.32583274e-01 -7.86969300e-01
 -4.60949592e+00 1.20965641e+00 9.97768972e-02 -6.53035470e-01
 -5.56859847e+00 1.31320657e+00 -7.13457974e-02 -5.56572006e-01
 -5.63749749e+00 1.44305494e+00 2.27919412e-01 -3.32245049e-01
 -6.05039620e+00 1.44987929e+00 3.57459867e-01 -5.23021476e-02
 -6.03303905e+00 1.61737438e+00 4.73514883e-01 2.12418163e-01
 -7.65117859e+00 1.74096253e+00 6.29153898e-01 3.89843737e-01
 -6.74357851e+00 2.00291986e+00 6.91927029e-01 6.10689172e-01
 -7.66691042e+00 2.23356247e+00 5.96844888e-01 8.53894615e-01
 -8.00787543e+00 2.55422711e+00 6.26573457e-01 1.08826301e+00
 -8.16651896e+00 2.72480719e+00 9.01298283e-01 1.27700930e+00
 -8.57610185e+00 3.06583053e+00 8.70070831e-01 1.41637564e+00
 -7.93599265e+00 3.34975427e+00 9.87973472e-01 1.52096353e+00
 -8.26133663e+00 3.55280584e+00 1.24586559e+00 1.47094964e+00
 -8.35094753e+00 3.91309148e+00 1.26458186e+00 1.31253836e+00
 -9.46676595e+00 4.13747419e+00 9.34677555e-01 1.43229460e+00
 -8.85085691e+00 4.30350449e+00 8.94860384e-01 1.44208178e+00
 -8.97541073e+00 4.55527388e+00 1.09671138e+00 1.35181926e+00
 -9.69794295e+00 4.89781068e+00 9.91034527e-01 1.38162630e+00
 -9.84169746e+00 5.29081665e+00 1.02281467e+00 1.43102187e+00
 -9.81611401e+00 5.66966842e+00 9.79720063e-01 1.36350549e+00
 -9.68914740e+00 5.93135387e+00 9.19762657e-01 1.39747492e+00
 -9.58282773e+00 6.38097682e+00 8.42687230e-01 1.33504187e+00
 -9.50035823e+00 6.70770320e+00 6.75118764e-01 1.20786611e+00
 -9.25474714e+00 7.09530320e+00 6.99562667e-01 1.28787734e+00
 -9.81960520e+00 7.46679844e+00 5.67597047e-01 1.21171017e+00
 -1.03804862e+01 7.88343473e+00 7.28437145e-01 1.16844745e+00
 -1.04976504e+01 8.03231514e+00 8.53081674e-01 1.07977614e+00
 -1.05287213e+01 8.74233933e+00 8.49943888e-01 9.57032915e-01
 -1.01925316e+01 9.13359424e+00 8.43011175e-01 8.04604629e-01
 -1.04669672e+01 9.73114830e+00 1.01670682e+00 7.27406796e-01
 -1.03730514e+01 1.04815531e+01 9.82052801e-01 6.38896525e-01
 -1.02861722e+01 1.10328907e+01 7.95995968e-01 6.26973482e-01
 -1.04433699e+01 1.15465460e+01 3.67892186e-01 3.38634606e-01
 -1.07900345e+01 1.22447312e+01 1.66554041e-01 7.71537829e-02
 -1.15006552e+01 1.25879887e+01 -1.71129229e-01 -1.76344329e-01
 -1.04166066e+01 1.29822135e+01 -4.59538718e-01 -5.05190016e-01
 -1.09567539e+01 1.32496410e+01 -7.11125186e-01 -7.06351213e-01
 -1.17142023e+01 1.38937828e+01 -8.08139413e-01 -9.53217115e-01
 -1.13509197e+01 1.43284371e+01 -9.65631422e-01 -1.27518880e+00
 -1.08256530e+01 1.47994937e+01 -1.31033439e+00 -1.69247530e+00
 -1.06866259e+01 1.52894845e+01 -1.54839547e+00 -2.18637847e+00
 -9.96428154e+00 1.55456403e+01 -1.72641866e+00 -2.58162873e+00
 -1.04782824e+01 1.57024093e+01 -2.02540823e+00 -2.88970079e+00
 -1.07806858e+01 1.62170445e+01 -2.23728225e+00 -3.29836310e+00
 -1.02268529e+01 1.65244414e+01 -2.61386505e+00 -3.50054283e+00
 -9.83287803e+00 1.67793359e+01 -2.41829402e+00 -3.92549809e+00
 -9.68549253e+00 1.71342379e+01 -2.72068104e+00 -4.31895665e+00
 -9.43915815e+00 1.77797931e+01 -2.76745850e+00 -4.60144794e+00
 -9.55297952e+00 1.81803867e+01 -3.08234709e+00 -4.89570537e+00
 -9.24671075e+00 1.86568120e+01 -3.21057527e+00 -5.08913937e+00
 -8.35278123e+00 1.90545981e+01 -3.21296774e+00 -5.23013040e+00
 -8.90523247e+00 1.96099618e+01 -3.32181396e+00 -5.21665147e+00
 -8.47726852e+00 2.00465827e+01 -3.31905480e+00 -5.29225857e+00
 -8.89388364e+00 2.04065273e+01 -3.39401930e+00 -5.27753441e+00
 -8.43078739e+00 2.07921298e+01 -3.79371092e+00 -5.37791600e+00
 -7.71770448e+00 2.09693449e+01 -3.85676591e+00 -5.41188999e+00
 -7.64407974e+00 2.14280442e+01 -4.09081380e+00 -5.35596954e+00
 -8.03038060e+00 2.18977709e+01 -4.51006601e+00 -5.23472049e+00
 -7.81391112e+00 2.21803063e+01 -4.99776250e+00 -5.24115053e+00
 -7.25908969e+00 2.25255893e+01 -5.12288361e+00 -4.97609443e+00
 -7.27911689e+00 2.31959259e+01 -5.40716790e+00 -5.07588521e+00
 -8.28430462e+00 2.34745773e+01 -5.82578146e+00 -4.65829970e+00
 -6.97333005e+00 2.36859437e+01 -6.13819132e+00 -4.41311725e+00
 -7.59156480e+00 2.38529311e+01 -6.60356825e+00 -4.15510166e+00
 -8.29046084e+00 2.39581902e+01 -7.30384414e+00 -3.84781860e+00
 -8.31107765e+00 2.41076005e+01 -7.56480907e+00 -3.46181620e+00
 -7.17225323e+00 2.45154891e+01 -7.95975652e+00 -3.19407502e+00
 -7.65631888e+00 2.47381925e+01 -8.17798275e+00 -2.72784066e+00
 -6.62304621e+00 2.48274631e+01 -8.50958126e+00 -2.58745972e+00
 -7.14298502e+00 2.52231566e+01 -8.88203070e+00 -2.26671724e+00
 -7.19845156e+00 2.53156635e+01 -9.11138121e+00 -1.85994868e+00
 -7.12812262e+00 2.54269810e+01 -9.75572210e+00 -1.42713184e+00
 -6.71081647e+00 2.56791545e+01 -9.95779266e+00 -1.19647482e+00
 -7.26410932e+00 2.56838972e+01 -1.03469215e+01 -9.33633132e-01
 -6.23200618e+00 2.58587323e+01 -1.06615474e+01 -8.18495671e-01
 -7.06674539e+00 2.61976840e+01 -1.14574794e+01 -8.08146847e-01
 -6.39986600e+00 2.62183583e+01 -1.19195487e+01 -8.02422275e-01
 -7.16745060e+00 2.65042860e+01 -1.23408449e+01 -8.57161904e-01
 -7.08863672e+00 2.65876585e+01 -1.29324937e+01 -8.17666881e-01
 -7.46785315e+00 2.69446757e+01 -1.33091004e+01 -9.15920797e-01
 -7.42410796e+00 2.71181741e+01 -1.39588808e+01 -8.51764255e-01
 -7.69914339e+00 2.72982102e+01 -1.45821951e+01 -8.60770857e-01
 -7.51589659e+00 2.76369523e+01 -1.51030058e+01 -6.30320317e-01
 -7.19957805e+00 2.77225321e+01 -1.55189660e+01 -5.86098131e-01
 -7.83066976e+00 2.80933218e+01 -1.58602272e+01 -6.40795931e-01
 -7.58913821e+00 2.83733935e+01 -1.65564299e+01 -6.83361277e-01
 -7.42632752e+00 2.86831875e+01 -1.68588886e+01 -6.50320751e-01
 -7.69178252e+00 2.87945530e+01 -1.71765212e+01 -5.69040221e-01
 -7.77273021e+00 2.90453048e+01 -1.77462692e+01 -4.90719733e-01
 -6.75565750e+00 2.90947844e+01 -1.80235127e+01 -2.13827452e-01
 -7.48801031e+00 2.94184439e+01 -1.83968617e+01 1.46928036e-02
 -7.33263430e+00 2.96790997e+01 -1.85462313e+01 2.41972830e-01
 -7.20347960e+00 2.99598748e+01 -1.89802534e+01 5.61318776e-01
 -7.04717583e+00 3.02792851e+01 -1.92764661e+01 8.89479889e-01
 -6.91671433e+00 3.04858945e+01 -1.93538632e+01 1.15733271e+00
 -6.89966933e+00 3.09826345e+01 -1.94957760e+01 1.39469303e+00
 -6.55241048e+00 3.11755466e+01 -1.96204693e+01 1.50458443e+00
 -7.45358967e+00 3.16218589e+01 -1.97689788e+01 1.67292249e+00
 -7.64467278e+00 3.18724153e+01 -2.01331998e+01 1.83141874e+00
 -7.40095041e+00 3.20936439e+01 -2.01673244e+01 1.93482264e+00
 -8.55637574e+00 3.24988650e+01 -2.04186464e+01 2.16709325e+00
 -8.40242365e+00 3.29521658e+01 -2.05520293e+01 2.27917081e+00
 -9.05900079e+00 3.32039918e+01 -2.08826135e+01 2.37276311e+00
 -8.65393815e+00 3.37667997e+01 -2.12266686e+01 2.62833525e+00
 -9.43250626e+00 3.42459603e+01 -2.12828480e+01 2.74667555e+00
 -9.60303767e+00 3.47456772e+01 -2.15154999e+01 3.02112340e+00
 -9.61035771e+00 3.52539752e+01 -2.14765711e+01 3.11288325e+00
 -9.38788842e+00 3.57207880e+01 -2.17983164e+01 3.36532479e+00
 -9.08281852e+00 3.59882543e+01 -2.22011886e+01 3.65682861e+00
 -9.87499525e+00 3.64384679e+01 -2.23229187e+01 3.84613711e+00
 -9.41657390e+00 3.65316163e+01 -2.27146404e+01 3.97601250e+00
 -9.66686496e+00 3.69629988e+01 -2.29976451e+01 4.26285771e+00
 -9.67646434e+00 3.71255253e+01 -2.31471393e+01 4.56779922e+00
 -1.00196339e+01 3.73152777e+01 -2.34452062e+01 4.88750798e+00
 -1.00355501e+01 3.74848078e+01 -2.33106656e+01 5.13056141e+00
 -1.00692720e+01 3.74536996e+01 -2.33888048e+01 5.41597798e+00
 -1.10161645e+01 3.74347276e+01 -2.32687347e+01 5.75607539e+00
 -1.12634907e+01 3.74464540e+01 -2.32132299e+01 6.16826676e+00
 -1.15018120e+01 3.74026098e+01 -2.29550509e+01 6.57930174e+00
 -1.18673613e+01 3.73646125e+01 -2.29232562e+01 6.84378989e+00
 -1.19452441e+01 3.72174830e+01 -2.27707531e+01 7.02217215e+00
 -1.29748494e+01 3.71858096e+01 -2.25411855e+01 7.22116721e+00
 -1.34220330e+01 3.72720003e+01 -2.25418721e+01 7.32675160e+00
 -1.35074776e+01 3.72976418e+01 -2.20539331e+01 7.51325166e+00
 -1.34016170e+01 3.74332632e+01 -2.19120835e+01 7.58553640e+00
 -1.42939986e+01 3.74641288e+01 -2.17043929e+01 7.84564729e+00
 -1.42391663e+01 3.71816044e+01 -2.15568394e+01 7.88734126e+00
 -1.46729377e+01 3.70555033e+01 -2.12881170e+01 7.96947417e+00
 -1.53447816e+01 3.69658035e+01 -2.13537803e+01 7.89874969e+00
 -1.61886093e+01 3.68107695e+01 -2.09883867e+01 7.75506495e+00
 -1.61397235e+01 3.66039737e+01 -2.07908670e+01 7.60063922e+00
 -1.64213656e+01 3.64262386e+01 -2.09131028e+01 7.33306704e+00
 -1.66856152e+01 3.62548034e+01 -2.07105620e+01 7.24613711e+00
 -1.74893028e+01 3.61093009e+01 -2.05576479e+01 7.24767387e+00
 -1.79309703e+01 3.59897518e+01 -2.03382923e+01 7.23263618e+00
 -1.84909389e+01 3.61174152e+01 -2.01134387e+01 7.19453244e+00
 -1.86610764e+01 3.63925240e+01 -1.99747573e+01 7.02329624e+00
 -1.97055673e+01 3.66809511e+01 -1.97738591e+01 6.96295359e+00
 -1.99356159e+01 3.71005895e+01 -1.95108064e+01 6.98944133e+00
 -2.06689620e+01 3.74887654e+01 -1.93282739e+01 6.96325298e+00
 -2.15606766e+01 3.77655688e+01 -1.86634515e+01 6.96509480e+00
 -2.25734448e+01 3.82412648e+01 -1.85186630e+01 6.90835247e+00
 -2.28410095e+01 3.84486442e+01 -1.82078793e+01 6.77667102e+00
 -2.31277035e+01 3.86129139e+01 -1.79263330e+01 6.57750700e+00
 -2.42437451e+01 3.87235292e+01 -1.74696928e+01 6.48412930e+00
 -2.37342262e+01 3.88800437e+01 -1.72169327e+01 6.05348419e+00
 -2.46578981e+01 3.89086277e+01 -1.66296507e+01 5.93099533e+00
 -2.45221886e+01 3.89306836e+01 -1.63182109e+01 5.47809411e+00
 -2.58230856e+01 3.90055874e+01 -1.59502229e+01 5.16423692e+00
 -2.59938347e+01 3.90812565e+01 -1.54582865e+01 4.78701394e+00
 -2.58254494e+01 3.93426232e+01 -1.51078740e+01 4.34425272e+00
 -2.65476554e+01 3.95930486e+01 -1.47259327e+01 3.85770797e+00
 -2.63120852e+01 3.96459494e+01 -1.44836353e+01 3.33282755e+00
 -2.73690404e+01 3.98734970e+01 -1.43712464e+01 2.97208940e+00
 -2.74588921e+01 4.02982524e+01 -1.40233840e+01 2.48912640e+00
 -2.75103824e+01 4.03255488e+01 -1.36729170e+01 1.88950161e+00
 -2.72190113e+01 4.02962904e+01 -1.34311001e+01 1.45833668e+00
 -2.69765454e+01 4.04608651e+01 -1.34871285e+01 8.43445703e-01
 -2.63912807e+01 4.04919705e+01 -1.33496229e+01 2.62842073e-01
 -2.64019997e+01 4.04696833e+01 -1.32593100e+01 -3.65310856e-01
 -2.65446785e+01 4.04590758e+01 -1.31048118e+01 -7.98269425e-01
 -2.55460056e+01 4.06470076e+01 -1.32553612e+01 -1.10462651e+00
 -2.54311523e+01 4.06174716e+01 -1.30825003e+01 -1.46453423e+00
 -2.52734742e+01 4.08816091e+01 -1.29229802e+01 -1.65987953e+00
 -2.47146099e+01 4.10629265e+01 -1.26872445e+01 -1.99172020e+00
 -2.38349620e+01 4.12872312e+01 -1.27374059e+01 -2.03904016e+00
 -2.46741999e+01 4.15114347e+01 -1.26541283e+01 -2.33479195e+00
 -2.38279467e+01 4.15135917e+01 -1.22865032e+01 -2.48931393e+00
 -2.36662556e+01 4.15427627e+01 -1.19829413e+01 -2.68891199e+00
 -2.26997965e+01 4.15744648e+01 -1.13822008e+01 -3.08371472e+00
 -2.25754016e+01 4.13059027e+01 -1.12064634e+01 -3.55885520e+00
 -2.20091259e+01 4.13087779e+01 -1.07285734e+01 -3.77197114e+00
 -2.09315015e+01 4.11049409e+01 -1.02422140e+01 -3.96467458e+00
 -2.07593069e+01 4.08382028e+01 -9.62897647e+00 -4.42758360e+00
 -2.05647252e+01 4.06286916e+01 -9.40730043e+00 -4.76939740e+00
 -2.00961805e+01 4.03882476e+01 -8.82152466e+00 -5.33180424e+00
 -1.97841120e+01 4.02638994e+01 -8.22770220e+00 -5.67235582e+00
 -1.86379615e+01 3.99838574e+01 -7.80720397e+00 -6.15687788e+00
 -1.84007512e+01 3.97185000e+01 -7.35224756e+00 -6.56567069e+00
 -1.74757127e+01 3.95842717e+01 -7.13219093e+00 -6.98837101e+00
 -1.78895886e+01 3.89606719e+01 -6.91741918e+00 -7.52197022e+00
 -1.67760340e+01 3.88519403e+01 -6.71385953e+00 -7.88573472e+00
 -1.60778116e+01 3.86087331e+01 -6.62753483e+00 -8.32020359e+00
 -1.59553333e+01 3.83631926e+01 -6.46344194e+00 -8.70266966e+00
 -1.46911659e+01 3.81626492e+01 -6.38645375e+00 -9.24890724e+00
 -1.52578233e+01 3.77812981e+01 -6.23265389e+00 -9.70902011e+00
 -1.49031325e+01 3.77273500e+01 -6.14037828e+00 -1.00541746e+01
 -1.38482606e+01 3.76108517e+01 -6.00035322e+00 -1.04549492e+01
 -1.38208416e+01 3.75553937e+01 -5.67406666e+00 -1.09547798e+01
 -1.32367778e+01 3.75198417e+01 -5.58331786e+00 -1.12359108e+01
 -1.28130992e+01 3.72360944e+01 -5.73523769e+00 -1.16140072e+01
 -1.33594907e+01 3.69608608e+01 -5.74052527e+00 -1.19070433e+01
 -1.19164910e+01 3.68360560e+01 -5.72910550e+00 -1.25589161e+01
 -1.20589812e+01 3.66784281e+01 -5.63667992e+00 -1.30261756e+01
 -1.19596030e+01 3.64309748e+01 -6.01096285e+00 -1.34883006e+01
 -1.19460469e+01 3.63735449e+01 -5.88438355e+00 -1.40918484e+01
 -1.14765553e+01 3.61441933e+01 -5.72313885e+00 -1.45271327e+01
 -1.16421187e+01 3.58526459e+01 -5.89252385e+00 -1.47853877e+01
 -1.13395727e+01 3.56835081e+01 -5.98698255e+00 -1.51366621e+01
 -1.04976355e+01 3.54582152e+01 -6.12715017e+00 -1.56559024e+01
 -1.10719369e+01 3.51298315e+01 -6.35519413e+00 -1.60950787e+01
 -1.04812117e+01 3.50895848e+01 -6.46778323e+00 -1.64124930e+01
 -1.00915479e+01 3.49088335e+01 -6.64341844e+00 -1.66335034e+01
 -9.27145221e+00 3.47438837e+01 -6.61277641e+00 -1.68295140e+01
 -9.24920801e+00 3.45440598e+01 -6.63223484e+00 -1.72014209e+01
 -8.59758655e+00 3.43742940e+01 -6.66972264e+00 -1.76044513e+01
 -7.83134458e+00 3.43348766e+01 -6.43841092e+00 -1.79911427e+01
 -7.46028099e+00 3.40974150e+01 -6.45720094e+00 -1.82678030e+01
 -6.17867410e+00 3.39692744e+01 -6.21007823e+00 -1.87720494e+01
 -6.71263383e+00 3.37216180e+01 -5.98631732e+00 -1.89948803e+01
 -5.56784859e+00 3.35269101e+01 -6.03266908e+00 -1.93163688e+01
 -5.44728773e+00 3.33110023e+01 -5.91675170e+00 -1.95868094e+01
 -5.14159186e+00 3.28144870e+01 -5.97566265e+00 -1.99385696e+01
 -5.33834465e+00 3.24726746e+01 -6.13908228e+00 -2.02544361e+01
 -4.45246383e+00 3.20935958e+01 -6.09125506e+00 -2.05029940e+01
 -3.86334150e+00 3.15767500e+01 -6.34943093e+00 -2.08239117e+01
 -3.23515793e+00 3.12300839e+01 -6.25424153e+00 -2.12044324e+01
 -2.75402017e+00 3.07619350e+01 -6.59021759e+00 -2.17022212e+01
 -2.66702615e+00 3.03059625e+01 -6.56722593e+00 -2.22814060e+01
 -1.75451738e+00 2.97165054e+01 -6.63613946e+00 -2.27291041e+01
 -1.18919592e+00 2.91865005e+01 -6.44973662e+00 -2.32673737e+01
 -1.23292390e+00 2.86164351e+01 -6.59466806e+00 -2.38465761e+01
 -9.59880803e-01 2.81192644e+01 -6.48037002e+00 -2.43530692e+01
 -2.05628845e-01 2.76950321e+01 -6.53422671e+00 -2.48321503e+01
 -6.83606753e-01 2.73518106e+01 -6.65927964e+00 -2.52333370e+01
 4.10062569e-01 2.69286128e+01 -6.63181418e+00 -2.57211226e+01
 2.00609801e-01 2.64888254e+01 -6.61998998e+00 -2.61969823e+01
 1.06677016e+00 2.60189416e+01 -6.91692617e+00 -2.66150950e+01
 1.26171676e+00 2.53792586e+01 -7.09485773e+00 -2.72601662e+01
 1.81464782e+00 2.48168170e+01 -7.41760729e+00 -2.77586839e+01
 2.84044263e+00 2.43856379e+01 -7.52150735e+00 -2.83927790e+01
 2.66035648e+00 2.39249981e+01 -7.69797750e+00 -2.89360553e+01
 3.15603144e+00 2.34719916e+01 -7.67196841e+00 -2.96538282e+01
 3.62929382e+00 2.31569473e+01 -7.75010877e+00 -3.02355158e+01
 3.69863553e+00 2.27524427e+01 -8.09158696e+00 -3.05987520e+01
 4.34454638e+00 2.23913919e+01 -8.06826480e+00 -3.11222201e+01
 4.37368581e+00 2.23165852e+01 -7.99232112e+00 -3.13335647e+01
 4.44848708e+00 2.21550947e+01 -7.75051695e+00 -3.15865410e+01
 5.26023312e+00 2.19057984e+01 -7.67231227e+00 -3.18908109e+01
 5.82053654e+00 2.17676545e+01 -7.64446259e+00 -3.23208311e+01
 6.22434190e+00 2.14958738e+01 -7.63673144e+00 -3.25520270e+01
 6.47964669e+00 2.10001030e+01 -7.59073228e+00 -3.28444862e+01
 7.15495770e+00 2.06553147e+01 -7.37004562e+00 -3.30174738e+01
 7.17322527e+00 2.04315190e+01 -7.28700199e+00 -3.33347014e+01
 7.62447333e+00 2.00063909e+01 -7.33144186e+00 -3.36147540e+01
 8.24519585e+00 1.95841634e+01 -7.01404978e+00 -3.40162506e+01
 8.49401041e+00 1.92608474e+01 -7.07020728e+00 -3.43024580e+01
 9.31284532e+00 1.89015502e+01 -6.83881221e+00 -3.45589012e+01
 9.36147696e+00 1.85572205e+01 -6.88373140e+00 -3.47342169e+01
 9.81361858e+00 1.84865141e+01 -6.72881589e+00 -3.51362101e+01
 1.03104254e+01 1.80400290e+01 -6.71133024e+00 -3.54962396e+01
 1.13534893e+01 1.77374684e+01 -6.38514700e+00 -3.58910693e+01
 1.18545123e+01 1.76263630e+01 -6.13333074e+00 -3.62819844e+01
 1.16813504e+01 1.72388883e+01 -5.84104516e+00 -3.66206845e+01
 1.23969153e+01 1.71068594e+01 -5.58483764e+00 -3.69886311e+01
 1.29560463e+01 1.69157071e+01 -5.23874965e+00 -3.71556568e+01
 1.29983290e+01 1.66012397e+01 -5.21007099e+00 -3.75151035e+01
 1.36776691e+01 1.62089121e+01 -4.89641081e+00 -3.78289679e+01
 1.36945064e+01 1.61356461e+01 -4.74952750e+00 -3.79585875e+01
 1.42445805e+01 1.57850017e+01 -4.33851902e+00 -3.82697531e+01
 1.45492497e+01 1.55026453e+01 -4.10654391e+00 -3.86551778e+01
 1.56006560e+01 1.52079236e+01 -3.93466574e+00 -3.89368327e+01
 1.54572902e+01 1.47449468e+01 -3.56761154e+00 -3.92089146e+01
 1.56206232e+01 1.47076167e+01 -2.85017260e+00 -3.95811892e+01
 1.67460456e+01 1.44314604e+01 -2.66990341e+00 -3.97615388e+01
 1.72711489e+01 1.42863020e+01 -2.52299207e+00 -3.98439311e+01
 1.75149126e+01 1.38496254e+01 -2.52309847e+00 -4.02154610e+01
 1.81729588e+01 1.34705576e+01 -2.18945434e+00 -4.04205004e+01
 1.85858107e+01 1.30790129e+01 -2.03157202e+00 -4.07539889e+01
 1.82769306e+01 1.28379961e+01 -1.91843543e+00 -4.09454172e+01
 1.90183501e+01 1.26485252e+01 -1.91066684e+00 -4.11515777e+01
 1.96170995e+01 1.22757295e+01 -1.68451157e+00 -4.15569328e+01
 1.99754342e+01 1.20075410e+01 -1.61938111e+00 -4.19250961e+01
 2.11610058e+01 1.15622812e+01 -1.61061444e+00 -4.22717918e+01
 2.12979858e+01 1.11771392e+01 -1.46004759e+00 -4.27732846e+01
 2.21073674e+01 1.10662847e+01 -1.54611276e+00 -4.32052779e+01
 2.24987081e+01 1.06698998e+01 -1.70400732e+00 -4.35873936e+01
