 0.00000000e+00 0.00000000e+00 0.00000000e+00 0.00000000e+00
 7.27047900e-02 -6.13543235e-02 1.71748733e-01 4.22452144e-03
 1.21554224e-01 -1.14450781e-01 3.16706671e-01 1.02159256e-01
 1.29929266e-01 -7.58695237e-02 5.19752858e-01 1.27550883e-01
 1.16667720e-01 3.23855658e-02 6.63262185e-01 3.61041592e-02
 4.39280153e-02 3.11241141e-02 7.82931578e-01 -2.06216165e-02
 -1.49794158e-01 5.19132503e-02 8.39006777e-01 -2.42192314e-01
 -3.97121865e-01 8.37443750e-02 9.01752292e-01 -4.47955321e-01
 -6.28445153e-01 4.29343493e-02 9.36666111e-01 -6.03360888e-01
 -8.38580666e-01 -5.76653964e-02 9.53418388e-01 -7.03563713e-01
 -1.06240804e+00 -5.62975057e-02 1.00260504e+00 -7.58837378e-01
 -1.35518369e+00 -1.29341603e-01 1.07584245e+00 -7.22823412e-01
 -1.61128500e+00 -1.47936990e-01 1.16470937e+00 -7.62050876e-01
 -1.91646450e+00 -2.41333259e-01 1.29712638e+00 -7.14809898e-01
 -2.17777801e+00 -2.33044286e-01 1.37443425e+00 -7.08138355e-01
 -2.48032105e+00 -1.30449591e-01 1.42869995e+00 -6.71811278e-01
 -2.76468305e+00 1.00339875e-02 1.39629197e+00 -5.32407046e-01
 -3.02899595e+00 2.36077655e-01 1.29144744e+00 -5.18811972e-01
 -3.35552388e+00 3.96685777e-01 1.05419617e+00 -5.39054327e-01
 -3.78110729e+00 4.60349161e-01 8.97799365e-01 -5.96118427e-01
 -4.23809182e+00 5.93982176e-01 8.47254994e-01 -6.77991235e-01
 -4.67595378e+00 7.66441477e-01 6.99933646e-01 -7.53722670e-01
 -4.99904200e+00 9.63482048e-01 5.30229737e-01 -7.75366838e-01
 -5.28308527e+00 1.16337193e+00 2.15437471e-01 -6.88541925e-01
 -5.55206938e+00 1.32585551e+00 7.54848342e-02 -4.84048377e-01
 -5.81509921e+00 1.46571535e+00 1.54335936e-01 -3.03846412e-01
 -6.15701249e+00 1.53029221e+00 3.75838781e-01 -5.67792992e-02
 -6.59564984e+00 1.64739968e+00 4.81195959e-01 1.65375921e-01
 -7.01971616e+00 1.75678956e+00 5.64595970e-01 3.31487328e-01
 -7.36364068e+00 2.03067878e+00 6.83477794e-01 5.72536222e-01
 -7.63780593e+00 2.26928211e+00 6.93410275e-01 7.99508191e-01
 -7.93488162e+00 2.49934688e+00 6.66943925e-01 1.02110406e+00
 -8.10171238e+00 2.70442517e+00 7.61874684e-01 1.27805116e+00
 -8.27723545e+00 3.00995644e+00 8.20626903e-01 1.36104423e+00
 -8.34967558e+00 3.31384119e+00 9.65025439e-01 1.38288956e+00
 -8.46058922e+00 3.63155164e+00 1.08871408e+00 1.42756692e+00
 -8.69508837e+00 3.91089345e+00 1.11131058e+00 1.37840000e+00
 -8.81514969e+00 4.16018385e+00 1.08963332e+00 1.46011965e+00
 -8.90050086e+00 4.33108755e+00 1.07244428e+00 1.42794667e+00
 -8.99680164e+00 4.58237315e+00 9.74108085e-01 1.40503812e+00
 -9.13807801e+00 4.92405002e+00 9.70788020e-01 1.35891710e+00
 -9.36220229e+00 5.30269247e+00 9.68079201e-01 1.36466899e+00
 -9.52619245e+00 5.59879871e+00 9.56748258e-01 1.29676817e+00
 -9.66329271e+00 5.97067636e+00 8.86725744e-01 1.38929028e+00
 -9.66158299e+00 6.35508460e+00 8.22187254e-01 1.33488020e+00
 -9.59248608e+00 6.78455376e+00 7.15663109e-01 1.28794905e+00
 -9.73173224e+00 7.12816832e+00 7.12893435e-01 1.24877296e+00
 -9.88654977e+00 7.45133251e+00 7.05592181e-01 1.18544949e+00
 -9.95912003e+00 7.79472585e+00 7.39111582e-01 1.16201380e+00
 -1.00381146e+01 8.15633386e+00 8.09267650e-01 1.03006489e+00
 -1.01225914e+01 8.63570783e+00 9.26527689e-01 9.73549638e-01
 -1.02443831e+01 9.16352648e+00 9.33971199e-01 8.62945970e-01
 -1.03065875e+01 9.79054000e+00 9.42640105e-01 7.71551540e-01
 -1.03685673e+01 1.04977949e+01 8.84128922e-01 6.75766514e-01
 -1.05364039e+01 1.11016730e+01 6.34746518e-01 5.64461305e-01
 -1.06515759e+01 1.16652977e+01 3.40684813e-01 3.28922470e-01
 -1.07486788e+01 1.21803929e+01 1.25765580e-01 6.69650881e-02
 -1.08529781e+01 1.25592966e+01 -1.72410653e-01 -2.16782738e-01
 -1.08822456e+01 1.29293966e+01 -4.25737000e-01 -5.08442868e-01
 -1.10019578e+01 1.34001517e+01 -6.58924991e-01 -7.34342667e-01
 -1.10982777e+01 1.38355579e+01 -8.74787141e-01 -9.80915527e-01
 -1.10580280e+01 1.43205973e+01 -1.08007069e+00 -1.28878735e+00
 -1.09659232e+01 1.47918463e+01 -1.30514701e+00 -1.67865266e+00
 -1.08174325e+01 1.51927158e+01 -1.51539907e+00 -2.12019496e+00
 -1.06248581e+01 1.55431634e+01 -1.83729977e+00 -2.55628426e+00
 -1.04875972e+01 1.57956470e+01 -2.01068426e+00 -2.89033699e+00
 -1.02844613e+01 1.60998870e+01 -2.18994147e+00 -3.28759646e+00
 -1.00803096e+01 1.64008863e+01 -2.45200982e+00 -3.54278177e+00
 -9.87114875e+00 1.67482405e+01 -2.60416744e+00 -3.88785335e+00
 -9.65806162e+00 1.71890842e+01 -2.79212639e+00 -4.31844356e+00
 -9.49010417e+00 1.76499752e+01 -2.88328602e+00 -4.68364073e+00
 -9.23768746e+00 1.80970765e+01 -3.03147466e+00 -4.95558872e+00
 -9.09483349e+00 1.85595242e+01 -3.19916359e+00 -5.08286645e+00
 -8.99500856e+00 1.90751763e+01 -3.29461380e+00 -5.14049885e+00
 -8.87805649e+00 1.96323684e+01 -3.32244482e+00 -5.23809980e+00
 -8.73788334e+00 2.00526235e+01 -3.37341120e+00 -5.23590722e+00
 -8.53143072e+00 2.03734581e+01 -3.46193334e+00 -5.29543608e+00
 -8.20177871e+00 2.07200368e+01 -3.67841098e+00 -5.35492415e+00
 -7.91826897e+00 2.10180810e+01 -3.84580763e+00 -5.36146131e+00
 -7.75149368e+00 2.13552913e+01 -4.12857425e+00 -5.34806176e+00
 -7.76134570e+00 2.17347070e+01 -4.42315952e+00 -5.30050634e+00
 -7.71585797e+00 2.21806846e+01 -4.78724925e+00 -5.16550720e+00
 -7.65097076e+00 2.26866154e+01 -5.13938946e+00 -5.01637361e+00
 -7.68016499e+00 2.31127741e+01 -5.45603930e+00 -4.91207122e+00
 -7.73770282e+00 2.34398395e+01 -5.88231227e+00 -4.67932433e+00
 -7.79293678e+00 2.36497002e+01 -6.26819656e+00 -4.40078204e+00
 -7.83137498e+00 2.38233683e+01 -6.71611918e+00 -4.16539050e+00
 -7.85205595e+00 2.39857780e+01 -7.21258402e+00 -3.86330994e+00
 -7.74546990e+00 2.42255671e+01 -7.59160847e+00 -3.53676358e+00
 -7.55742823e+00 2.44400852e+01 -7.95443331e+00 -3.18898912e+00
 -7.32125429e+00 2.46414523e+01 -8.23215211e+00 -2.82000924e+00
 -7.13938151e+00 2.48243273e+01 -8.48889008e+00 -2.56431482e+00
 -7.00251847e+00 2.51219495e+01 -8.78045209e+00 -2.21064889e+00
 -7.03136627e+00 2.53148408e+01 -9.17817502e+00 -1.85554477e+00
 -6.99405600e+00 2.54563037e+01 -9.60652620e+00 -1.48499081e+00
 -6.97636539e+00 2.56334311e+01 -1.00108895e+01 -1.21543446e+00
 -6.88740435e+00 2.57999632e+01 -1.03512110e+01 -9.53679225e-01
 -6.84837229e+00 2.59427468e+01 -1.07672281e+01 -8.48025245e-01
 -6.91615586e+00 2.60663770e+01 -1.12119632e+01 -7.73426217e-01
 -6.98168016e+00 2.62415214e+01 -1.18082448e+01 -8.30484855e-01
 -7.04912303e+00 2.64896973e+01 -1.23382791e+01 -8.40921361e-01
 -7.17270396e+00 2.66796613e+01 -1.29615031e+01 -8.86074894e-01
 -7.24780263e+00 2.69306231e+01 -1.35609109e+01 -8.97295782e-01
 -7.29701568e+00 2.71223007e+01 -1.40656203e+01 -8.68222573e-01
 -7.34660872e+00 2.73392246e+01 -1.45742522e+01 -8.21172123e-01
 -7.38846854e+00 2.75538614e+01 -1.50350741e+01 -6.65094590e-01
 -7.45409622e+00 2.78078349e+01 -1.55147043e+01 -6.17625008e-01
 -7.55476062e+00 2.81060126e+01 -1.60772388e+01 -6.61964073e-01
 -7.60604305e+00 2.84010731e+01 -1.65943680e+01 -7.12745530e-01
 -7.56790284e+00 2.86880836e+01 -1.69763789e+01 -6.63534651e-01
 -7.57444669e+00 2.88546618e+01 -1.73653703e+01 -5.61749667e-01
 -7.57923287e+00 2.90343495e+01 -1.76944008e+01 -5.34070410e-01
 -7.49144584e+00 2.92197428e+01 -1.80571950e+01 -2.96078975e-01
 -7.32114076e+00 2.95337241e+01 -1.84596556e+01 -6.12331148e-02
 -7.12927450e+00 2.97640177e+01 -1.87397355e+01 1.95421734e-01
 -7.05106326e+00 2.99776443e+01 -1.89612111e+01 5.74257011e-01
 -6.92380940e+00 3.02940887e+01 -1.91550638e+01 8.84979317e-01
 -6.83270331e+00 3.05865022e+01 -1.93853221e+01 1.12666910e+00
 -6.83052904e+00 3.09023656e+01 -1.95098009e+01 1.36895378e+00
 -6.98430121e+00 3.12118312e+01 -1.96343999e+01 1.51676982e+00
 -7.26460119e+00 3.15438659e+01 -1.98574451e+01 1.65805411e+00
 -7.51557236e+00 3.18307894e+01 -2.00658149e+01 1.83640934e+00
 -7.77909221e+00 3.21608574e+01 -2.02086149e+01 1.98897916e+00
 -8.10146689e+00 3.24982881e+01 -2.04745780e+01 2.11483423e+00
 -8.40647487e+00 3.27985500e+01 -2.07094515e+01 2.21972030e+00
 -8.72350499e+00 3.32638510e+01 -2.09999961e+01 2.38485365e+00
 -8.96641110e+00 3.37248652e+01 -2.11892785e+01 2.57561455e+00
 -9.25410413e+00 3.42040868e+01 -2.13088871e+01 2.78601492e+00
 -9.44040875e+00 3.46893568e+01 -2.14983237e+01 3.01350107e+00
 -9.48544820e+00 3.52496770e+01 -2.16753640e+01 3.18164932e+00
 -9.52313370e+00 3.56832600e+01 -2.19277265e+01 3.44028945e+00
 -9.56779403e+00 3.60733011e+01 -2.21452844e+01 3.64451892e+00
 -9.60892622e+00 3.63758455e+01 -2.24292415e+01 3.80275959e+00
 -9.59381974e+00 3.66931987e+01 -2.26913713e+01 3.97863939e+00
 -9.70387741e+00 3.69358097e+01 -2.29211272e+01 4.22351398e+00
 -9.77308249e+00 3.71486485e+01 -2.31228586e+01 4.51361305e+00
 -9.88543020e+00 3.73612453e+01 -2.33166759e+01 4.78897270e+00
 -1.00811512e+01 3.74541081e+01 -2.33460126e+01 5.06990281e+00
 -1.04334586e+01 3.74853262e+01 -2.33859680e+01 5.40643689e+00
 -1.08612107e+01 3.74823275e+01 -2.32832017e+01 5.74063281e+00
 -1.12645930e+01 3.74573619e+01 -2.31933593e+01 6.14275146e+00
 -1.16163870e+01 3.74249295e+01 -2.30564734e+01 6.62161870e+00
 -1.20062418e+01 3.73956278e+01 -2.29266272e+01 6.88797864e+00
 -1.23333706e+01 3.72925909e+01 -2.28121464e+01 7.06387524e+00
 -1.26798014e+01 3.72347089e+01 -2.25966544e+01 7.24022124e+00
 -1.30209003e+01 3.72446377e+01 -2.23503316e+01 7.38079390e+00
 -1.33603773e+01 3.73204197e+01 -2.20877295e+01 7.49034606e+00
 -1.36793382e+01 3.73753681e+01 -2.17789974e+01 7.62421804e+00
 -1.40238861e+01 3.73435848e+01 -2.16709167e+01 7.81557803e+00
 -1.44330179e+01 3.72405614e+01 -2.15407014e+01 7.92157447e+00
 -1.47640537e+01 3.71138199e+01 -2.14059093e+01 7.95834752e+00
 -1.51414597e+01 3.69358643e+01 -2.12605988e+01 7.90444472e+00
 -1.55100422e+01 3.67816946e+01 -2.09835450e+01 7.80825375e+00
 -1.59661962e+01 3.66127779e+01 -2.08310532e+01 7.58891146e+00
 -1.64237381e+01 3.64767928e+01 -2.07618007e+01 7.42691952e+00
 -1.68226816e+01 3.62615639e+01 -2.06072449e+01 7.29925012e+00
 -1.73273494e+01 3.60887790e+01 -2.04795206e+01 7.22911475e+00
 -1.78317742e+01 3.60442329e+01 -2.03661220e+01 7.16350616e+00
 -1.84415631e+01 3.61281665e+01 -2.02029608e+01 7.09609336e+00
 -1.89955528e+01 3.63746308e+01 -1.99423958e+01 7.05750039e+00
 -1.95637087e+01 3.66760975e+01 -1.96856250e+01 7.00052352e+00
 -2.01949706e+01 3.70350896e+01 -1.94541703e+01 6.93970215e+00
 -2.09790325e+01 3.74047220e+01 -1.91979012e+01 6.98897824e+00
 -2.16319709e+01 3.77741138e+01 -1.88659717e+01 6.99686223e+00
 -2.21463169e+01 3.81733426e+01 -1.85353052e+01 6.92493277e+00
 -2.26756012e+01 3.84544564e+01 -1.82370700e+01 6.76475480e+00
 -2.31435408e+01 3.86328153e+01 -1.78721100e+01 6.57588592e+00
 -2.36251962e+01 3.88045835e+01 -1.74957069e+01 6.38017254e+00
 -2.41025748e+01 3.88678919e+01 -1.71725028e+01 6.15772830e+00
 -2.45107439e+01 3.89574972e+01 -1.67587289e+01 5.86829458e+00
 -2.50115047e+01 3.89720684e+01 -1.63905748e+01 5.47707535e+00
 -2.55504775e+01 3.89991541e+01 -1.59942966e+01 5.15619957e+00
 -2.59771346e+01 3.90886549e+01 -1.55768981e+01 4.77339869e+00
 -2.63653891e+01 3.92860964e+01 -1.52093729e+01 4.33394466e+00
 -2.67012185e+01 3.94615548e+01 -1.48777354e+01 3.82835257e+00
 -2.69143411e+01 3.96699990e+01 -1.46324235e+01 3.34112920e+00
 -2.70202574e+01 3.99204908e+01 -1.43648480e+01 2.98439731e+00
 -2.71390408e+01 4.01351779e+01 -1.40877854e+01 2.49951335e+00
 -2.71295414e+01 4.02852531e+01 -1.38650748e+01 1.91378261e+00
 -2.70859048e+01 4.03898467e+01 -1.36788589e+01 1.42560299e+00
 -2.69774998e+01 4.04462136e+01 -1.34975960e+01 8.66958454e-01
 -2.67449056e+01 4.04677412e+01 -1.33359621e+01 2.51710500e-01
 -2.64973804e+01 4.04579020e+01 -1.32855171e+01 -2.91676936e-01
 -2.62244381e+01 4.04951567e+01 -1.32361995e+01 -7.96879635e-01
 -2.59410901e+01 4.05559155e+01 -1.31888741e+01 -1.17094929e+00
 -2.55638235e+01 4.06689795e+01 -1.31104433e+01 -1.47591276e+00
 -2.50711051e+01 4.08368639e+01 -1.29173009e+01 -1.65906144e+00
 -2.46657854e+01 4.10503654e+01 -1.27522453e+01 -1.86442161e+00
 -2.42923277e+01 4.12620998e+01 -1.26411501e+01 -2.06029822e+00
 -2.39991004e+01 4.15204701e+01 -1.25067881e+01 -2.30878057e+00
 -2.36373028e+01 4.16074385e+01 -1.22736573e+01 -2.49908260e+00
 -2.32189595e+01 4.15656195e+01 -1.19276029e+01 -2.74463340e+00
 -2.28214306e+01 4.14517330e+01 -1.15170837e+01 -3.08857156e+00
 -2.23848723e+01 4.13263728e+01 -1.10644840e+01 -3.43700460e+00
 -2.19046664e+01 4.11940967e+01 -1.06669584e+01 -3.75185100e+00
 -2.13674247e+01 4.10243917e+01 -1.02269485e+01 -4.03783531e+00
 -2.08984517e+01 4.08574899e+01 -9.79087932e+00 -4.41369311e+00
 -2.04838458e+01 4.06583260e+01 -9.23734028e+00 -4.83631320e+00
 -2.00135097e+01 4.04561622e+01 -8.73694280e+00 -5.29508627e+00
 -1.94119647e+01 4.02146553e+01 -8.23260346e+00 -5.69362409e+00
 -1.87877819e+01 3.99976722e+01 -7.76235139e+00 -6.12024770e+00
 -1.81359634e+01 3.97347883e+01 -7.39735156e+00 -6.54722524e+00
 -1.76190910e+01 3.94067045e+01 -7.07720398e+00 -6.99171589e+00
 -1.71533355e+01 3.90884737e+01 -6.88598670e+00 -7.43183319e+00
 -1.66877051e+01 3.87686961e+01 -6.72465244e+00 -7.84959379e+00
 -1.62661982e+01 3.85574153e+01 -6.57724577e+00 -8.22721376e+00
 -1.59330876e+01 3.83589507e+01 -6.40960091e+00 -8.68291225e+00
 -1.55559428e+01 3.80853106e+01 -6.43248108e+00 -9.23440523e+00
 -1.51810471e+01 3.78490691e+01 -6.26387177e+00 -9.70513377e+00
 -1.47404309e+01 3.77303070e+01 -6.09975025e+00 -1.00646532e+01
 -1.43227820e+01 3.76487775e+01 -5.90843889e+00 -1.04715719e+01
 -1.37572759e+01 3.75388684e+01 -5.73033410e+00 -1.09412684e+01
 -1.32408755e+01 3.73968009e+01 -5.67909289e+00 -1.12560064e+01
 -1.28558345e+01 3.72606873e+01 -5.63723307e+00 -1.15952760e+01
 -1.26067697e+01 3.70984540e+01 -5.67205165e+00 -1.20150763e+01
 -1.24463452e+01 3.68712918e+01 -5.69783955e+00 -1.25010561e+01
 -1.22992049e+01 3.66353471e+01 -5.76002418e+00 -1.29904341e+01
 -1.21721268e+01 3.65024761e+01 -5.79681663e+00 -1.35041100e+01
 -1.18811865e+01 3.62754471e+01 -5.84720297e+00 -1.40365398e+01
 -1.16816746e+01 3.60692359e+01 -5.87585355e+00 -1.44530252e+01
 -1.15313901e+01 3.59255192e+01 -5.91566185e+00 -1.48013833e+01
 -1.12986063e+01 3.56858115e+01 -5.98683010e+00 -1.51619058e+01
 -1.09618038e+01 3.55112955e+01 -6.09425986e+00 -1.56172260e+01
 -1.05975950e+01 3.52992528e+01 -6.19014470e+00 -1.60698602e+01
 -1.02226603e+01 3.50485615e+01 -6.32184668e+00 -1.63739319e+01
 -9.76282396e+00 3.48570419e+01 -6.61903214e+00 -1.66348548e+01
 -9.41510973e+00 3.47391860e+01 -6.68104848e+00 -1.68399484e+01
 -8.98801165e+00 3.46337418e+01 -6.62959286e+00 -1.72075788e+01
 -8.52922736e+00 3.44646060e+01 -6.55892814e+00 -1.75902776e+01
 -7.96023668e+00 3.43007299e+01 -6.52262904e+00 -1.79547181e+01
 -7.44360501e+00 3.41165203e+01 -6.38729653e+00 -1.82864658e+01
 -6.82462121e+00 3.39392881e+01 -6.18927869e+00 -1.86964128e+01
 -6.29102563e+00 3.37525643e+01 -6.06744185e+00 -1.90310126e+01
 -5.88393208e+00 3.35166243e+01 -6.01768156e+00 -1.93366127e+01
 -5.47606189e+00 3.32107758e+01 -5.97238639e+00 -1.95975876e+01
 -5.10580909e+00 3.28501589e+01 -5.98147916e+00 -1.99105054e+01
 -4.72800995e+00 3.24732860e+01 -6.12720619e+00 -2.02359436e+01
 -4.18860209e+00 3.20948889e+01 -6.18440795e+00 -2.05450018e+01
 -3.71686707e+00 3.17015375e+01 -6.24268723e+00 -2.08445296e+01
 -3.22717870e+00 3.12494316e+01 -6.40394097e+00 -2.12779195e+01
 -2.76158824e+00 3.07567797e+01 -6.46221608e+00 -2.17390872e+01
 -2.27732342e+00 3.02134574e+01 -6.50959901e+00 -2.22523439e+01
 -1.88927732e+00 2.96872536e+01 -6.57795953e+00 -2.27396475e+01
 -1.55335942e+00 2.91227129e+01 -6.63210938e+00 -2.33116341e+01
 -1.19557869e+00 2.86292847e+01 -6.64076828e+00 -2.37977921e+01
 -9.14854657e-01 2.81990122e+01 -6.60006231e+00 -2.43117807e+01
 -6.76783506e-01 2.77514786e+01 -6.61920413e+00 -2.48137271e+01
 -4.21254393e-01 2.73439101e+01 -6.63798342e+00 -2.52594971e+01
 -4.32352697e-02 2.69632688e+01 -6.73219593e+00 -2.56733853e+01
 4.00075483e-01 2.64607348e+01 -6.82776051e+00 -2.61913917e+01
 8.46135587e-01 2.59809035e+01 -6.97361751e+00 -2.66573398e+01
 1.29641370e+00 2.53733792e+01 -7.16487718e+00 -2.71879998e+01
 1.73356683e+00 2.47931171e+01 -7.32603773e+00 -2.76979844e+01
 2.29390658e+00 2.43374134e+01 -7.49343940e+00 -2.83730635e+01
 2.74432051e+00 2.38753356e+01 -7.64459765e+00 -2.89759891e+01
 3.13106737e+00 2.34778546e+01 -7.71640540e+00 -2.96465194e+01
 3.44012223e+00 2.30930704e+01 -7.88325313e+00 -3.01740204e+01
 3.75050092e+00 2.27060328e+01 -7.98469995e+00 -3.06353051e+01
 4.07670387e+00 2.24200090e+01 -7.99783775e+00 -3.10684814e+01
 4.41371727e+00 2.22927512e+01 -7.98713511e+00 -3.13396206e+01
 4.74592651e+00 2.21403980e+01 -7.81566780e+00 -3.16272906e+01
 5.21139662e+00 2.18923146e+01 -7.72215910e+00 -3.19403508e+01
 5.67834827e+00 2.17156795e+01 -7.67567813e+00 -3.22764123e+01
 6.07231214e+00 2.14351469e+01 -7.66226910e+00 -3.25295110e+01
 6.47205545e+00 2.10928946e+01 -7.54343569e+00 -3.28027330e+01
 6.85450046e+00 2.07206474e+01 -7.42998654e+00 -3.30395386e+01
 7.26798980e+00 2.03820475e+01 -7.33946060e+00 -3.33425462e+01
 7.75568920e+00 2.00480051e+01 -7.35016913e+00 -3.36683381e+01
 8.22870025e+00 1.96697828e+01 -7.22031460e+00 -3.39641477e+01
 8.71576305e+00 1.93104248e+01 -7.04676564e+00 -3.42487335e+01
 9.15417978e+00 1.89080869e+01 -6.90118445e+00 -3.45084411e+01
 9.55451124e+00 1.86710430e+01 -6.79276490e+00 -3.47406469e+01
 1.00239827e+01 1.84181082e+01 -6.68054774e+00 -3.51500208e+01
 1.04637053e+01 1.80744102e+01 -6.54341160e+00 -3.55119348e+01
 1.08469597e+01 1.77777854e+01 -6.31689617e+00 -3.58785736e+01
 1.12124544e+01 1.74461587e+01 -6.12117589e+00 -3.62738093e+01
 1.16187999e+01 1.72784796e+01 -5.85709933e+00 -3.66080894e+01
 1.20923204e+01 1.70894073e+01 -5.56335288e+00 -3.69540173e+01
 1.25220638e+01 1.68923690e+01 -5.33829703e+00 -3.72208097e+01
 1.30023888e+01 1.66496895e+01 -5.23176338e+00 -3.74271116e+01
 1.34705861e+01 1.63752516e+01 -4.99406638e+00 -3.77370213e+01
 1.38890422e+01 1.61112962e+01 -4.72685228e+00 -3.79497712e+01
 1.43450666e+01 1.57922516e+01 -4.35015992e+00 -3.82745692e+01
 1.47636808e+01 1.55309480e+01 -4.08190201e+00 -3.86107993e+01
 1.51738723e+01 1.51943829e+01 -3.74748504e+00 -3.89014953e+01
 1.55901538e+01 1.48706211e+01 -3.36015442e+00 -3.92036208e+01
 1.60409608e+01 1.46452998e+01 -2.97602702e+00 -3.94867010e+01
 1.66061767e+01 1.44317959e+01 -2.73906474e+00 -3.97415878e+01
 1.71169524e+01 1.42297783e+01 -2.52162835e+00 -3.99486689e+01
 1.75534350e+01 1.38519632e+01 -2.41092624e+00 -4.02022508e+01
 1.80064035e+01 1.34579536e+01 -2.27143716e+00 -4.04218471e+01
 1.84475269e+01 1.30858327e+01 -2.14141445e+00 -4.07645297e+01
 1.87998398e+01 1.27998080e+01 -1.91911393e+00 -4.09928799e+01
 1.91048089e+01 1.25289476e+01 -1.78592741e+00 -4.12158499e+01
 1.94899433e+01 1.21980420e+01 -1.59915349e+00 -4.15033014e+01
 1.98800679e+01 1.19410943e+01 -1.52492948e+00 -4.18712801e+01
 2.04779596e+01 1.15914138e+01 -1.51228843e+00 -4.23296746e+01
 2.10993399e+01 1.12703156e+01 -1.54637475e+00 -4.27717431e+01
 2.16511819e+01 1.10356281e+01 -1.60760268e+00 -4.32401566e+01
 2.22452632e+01 1.07295514e+01 -1.65284701e+00 -4.36052850e+01
