 1.34672243e+03 1.37900314e+03 1.37363317e+03 1.37887026e+03
 1.33578755e+03 1.37990528e+03 1.34630906e+03 1.37667563e+03
 1.37998685e+03 1.37974067e+03 1.35817532e+03 1.37795607e+03
 1.34441432e+03 1.37793931e+03 1.34898360e+03 1.37629593e+03
 1.37719760e+03 1.37977209e+03 1.31799332e+03 1.37969936e+03
 1.37810044e+03 1.37999991e+03 1.23309171e+03 1.37999338e+03
 1.37929661e+03 1.37789026e+03 1.16834944e+03 1.37224265e+03
 1.31121442e+03 1.37376637e+03 1.24556360e+03 1.34171403e+03
 1.07467252e+03 1.37733847e+03 1.18291485e+03 1.30073633e+03
 1.25910792e+03 1.37867265e+03 1.23235119e+03 1.26208830e+03
 9.03212921e+02 1.37663768e+03 1.21020487e+03 1.28240507e+03
 1.07838219e+03 1.37558325e+03 1.08519626e+03 1.26883939e+03
 8.29404756e+02 1.36848959e+03 1.17337577e+03 1.26498402e+03
 7.87307000e+02 1.37131500e+03 1.07248120e+03 1.29473256e+03
 9.19672527e+02 1.37381131e+03 9.57693150e+02 1.28695174e+03
 6.32133696e+02 1.37926199e+03 1.05603665e+03 1.29561601e+03
 5.50734332e+02 1.37937896e+03 1.07604292e+03 1.32715168e+03
 5.40218341e+02 1.36471886e+03 1.09263584e+03 1.31300131e+03
 5.56749095e+02 1.34626448e+03 1.09470085e+03 1.29934392e+03
 5.58174481e+02 1.33630589e+03 1.19166052e+03 1.28953983e+03
 9.95489033e+02 1.29591897e+03 1.24225571e+03 1.30489686e+03
 6.56834383e+02 1.23293576e+03 1.28046233e+03 1.26469248e+03
 1.33191086e+03 1.19740208e+03 1.32182927e+03 1.25651788e+03
 9.16861127e+02 1.10840316e+03 1.37791109e+03 1.29358211e+03
 1.27725290e+03 1.06699524e+03 1.37893151e+03 1.31660983e+03
 1.29544815e+03 1.01350559e+03 1.36913822e+03 1.35703124e+03
 1.36867124e+03 1.01066149e+03 1.35345122e+03 1.37942567e+03
 1.36692802e+03 9.40444290e+02 1.33378780e+03 1.37056007e+03
 1.04459460e+03 8.88874616e+02 1.29958079e+03 1.34848675e+03
 1.33626870e+03 7.84103968e+02 1.28340754e+03 1.30408627e+03
 1.03811244e+03 7.01574113e+02 1.30738747e+03 1.23596192e+03
 8.95619436e+02 6.10390528e+02 1.30021743e+03 1.15489039e+03
 8.30860908e+02 5.75954107e+02 1.22064884e+03 1.08162321e+03
 6.82389583e+02 5.41204802e+02 1.23080441e+03 1.02459924e+03
 9.25593972e+02 5.49066754e+02 1.19116084e+03 9.80921114e+02
 7.93603497e+02 5.75012645e+02 1.09408212e+03 1.00186597e+03
 7.59760524e+02 6.58916081e+02 1.08660958e+03 1.06726660e+03
 5.40370174e+02 7.31619422e+02 1.20951269e+03 1.01798493e+03
 6.07292995e+02 7.93013871e+02 1.22276365e+03 1.01391096e+03
 5.81696696e+02 8.94282812e+02 1.15174029e+03 1.05123712e+03
 5.55572815e+02 1.03743163e+03 1.19008636e+03 1.03897839e+03
 5.75976900e+02 1.18961739e+03 1.17880550e+03 1.01851430e+03
 5.71751880e+02 1.30340386e+03 1.19404711e+03 1.04643999e+03
 5.54591867e+02 1.35427212e+03 1.21452377e+03 1.03243108e+03
 5.45234833e+02 1.37799333e+03 1.23949294e+03 1.05810219e+03
 5.41199028e+02 1.34271971e+03 1.28786575e+03 1.10910634e+03
 5.46056588e+02 1.24894443e+03 1.28135202e+03 1.07724711e+03
 5.72313527e+02 1.11858428e+03 1.31414201e+03 1.10759590e+03
 7.17647195e+02 9.47631489e+02 1.27341060e+03 1.12446390e+03
 7.59406943e+02 8.85496304e+02 1.23621922e+03 1.15804083e+03
 7.70967115e+02 6.34064454e+02 1.23721063e+03 1.20189819e+03
 6.57821482e+02 5.57680019e+02 1.23939137e+03 1.25122639e+03
 7.48180950e+02 5.59557487e+02 1.18099109e+03 1.27369851e+03
 7.15103622e+02 7.53493226e+02 1.19323294e+03 1.29715679e+03
 6.86420316e+02 9.75669256e+02 1.25382084e+03 1.30011888e+03
 7.39682577e+02 1.17987645e+03 1.35189675e+03 1.35614783e+03
 8.74279822e+02 1.35846175e+03 1.37418800e+03 1.37875055e+03
 1.16322887e+03 1.37990186e+03 1.37386510e+03 1.37348647e+03
 7.30192720e+02 1.34420598e+03 1.33642802e+03 1.32753466e+03
 9.43699538e+02 1.28571512e+03 1.27820374e+03 1.27950879e+03
 1.23650808e+03 1.06121511e+03 1.25015483e+03 1.20320656e+03
 1.10612398e+03 8.80155471e+02 1.19893704e+03 1.08235485e+03
 8.88975980e+02 7.01719618e+02 1.06816131e+03 9.09020847e+02
 8.32296058e+02 5.76242555e+02 9.69407573e+02 7.17477761e+02
 5.99655202e+02 5.45521100e+02 8.94902126e+02 6.04144805e+02
 7.52298176e+02 5.40006478e+02 7.75572257e+02 5.53254094e+02
 8.70439819e+02 5.93259075e+02 7.00344346e+02 5.45150603e+02
 6.68008969e+02 6.72387385e+02 5.97139482e+02 5.66768224e+02
 5.74491871e+02 7.58853734e+02 6.45156839e+02 6.62572165e+02
 5.54193467e+02 8.99511959e+02 5.76658927e+02 7.98988478e+02
 5.40043425e+02 1.16173954e+03 5.69053748e+02 9.13500286e+02
 5.43446760e+02 1.28942166e+03 5.40736892e+02 1.03656238e+03
 5.46641090e+02 1.37222257e+03 5.40998910e+02 1.11451830e+03
 7.59083871e+02 1.37120200e+03 5.41069370e+02 1.16786591e+03
 5.95421131e+02 1.26431365e+03 5.46802300e+02 1.16292798e+03
 7.14842999e+02 1.11335347e+03 5.46596153e+02 1.19012424e+03
 5.97811062e+02 9.65806277e+02 5.53310133e+02 1.18492623e+03
 7.30953303e+02 8.07425725e+02 6.26183972e+02 1.21933898e+03
 1.01705941e+03 7.40832157e+02 6.42908551e+02 1.23041110e+03
 1.04751286e+03 6.04847149e+02 7.15427095e+02 1.21202670e+03
 8.86296061e+02 5.41829742e+02 8.75602908e+02 1.16953889e+03
 9.76825112e+02 5.47491556e+02 1.07823667e+03 1.17187505e+03
 1.19537609e+03 5.98567475e+02 1.12760642e+03 1.06947707e+03
 1.18836294e+03 8.09681588e+02 1.22889056e+03 1.10932856e+03
 7.84790969e+02 9.23352291e+02 1.33682485e+03 9.37293576e+02
 1.28388463e+03 1.01194614e+03 1.37559285e+03 8.36173758e+02
 1.06895447e+03 1.08049679e+03 1.35862825e+03 7.37867916e+02
 7.82444417e+02 1.12210205e+03 1.17957786e+03 6.40457059e+02
 7.74635470e+02 1.17797102e+03 1.07976688e+03 5.61350668e+02
 1.22465714e+03 1.30249823e+03 9.15657341e+02 5.40578291e+02
 1.04247881e+03 1.34773145e+03 8.26287945e+02 5.75440107e+02
 1.35597644e+03 1.36058062e+03 7.03953441e+02 6.02850054e+02
 1.23408748e+03 1.37828443e+03 6.00356947e+02 6.90741158e+02
 1.21602340e+03 1.37299286e+03 5.60457415e+02 8.40241256e+02
 1.23878683e+03 1.36194961e+03 5.62790888e+02 1.02013174e+03
 1.34217929e+03 1.31884538e+03 5.98262769e+02 1.11356926e+03
 1.19362707e+03 1.31780628e+03 7.06272389e+02 1.20986541e+03
 1.37945007e+03 1.27409358e+03 8.22303011e+02 1.24699453e+03
 1.25753023e+03 1.16351280e+03 1.14717486e+03 1.25015257e+03
 1.37714422e+03 1.15587411e+03 1.29516130e+03 1.25188615e+03
 1.22622033e+03 1.04313300e+03 1.36936420e+03 1.23492598e+03
 1.25097003e+03 1.00856036e+03 1.35216336e+03 1.24724858e+03
 1.11817401e+03 8.59700635e+02 1.26938257e+03 1.21580542e+03
 1.13503751e+03 7.90799949e+02 1.03448413e+03 1.23663580e+03
 1.02477252e+03 7.24700207e+02 7.79197016e+02 1.23377830e+03
 1.09930608e+03 6.22464186e+02 6.14538967e+02 1.29929228e+03
 1.21564818e+03 6.02335830e+02 5.47478894e+02 1.30990418e+03
 9.69790101e+02 5.46861959e+02 5.44859308e+02 1.29668047e+03
 1.06993843e+03 5.42059006e+02 6.82323554e+02 1.28569101e+03
 1.13418968e+03 5.74617582e+02 7.88790068e+02 1.29427365e+03
 1.02782532e+03 5.95561677e+02 9.17134651e+02 1.31381578e+03
 9.94088063e+02 6.58761524e+02 1.14927912e+03 1.33043744e+03
 1.33398730e+03 6.73605480e+02 1.24467192e+03 1.37043487e+03
 1.11029972e+03 7.86180281e+02 1.33769422e+03 1.37995467e+03
 1.16918055e+03 8.90587111e+02 1.36082647e+03 1.36776420e+03
 1.21434612e+03 1.00808704e+03 1.37641792e+03 1.31555262e+03
 1.26327406e+03 1.13667041e+03 1.34230478e+03 1.22452276e+03
 1.29849622e+03 1.21107950e+03 1.32771395e+03 1.12874907e+03
 1.30268486e+03 1.34118716e+03 1.29531357e+03 1.03358168e+03
 1.36487046e+03 1.36792399e+03 1.26125529e+03 9.87788681e+02
 1.12370732e+03 1.37112572e+03 1.21463727e+03 9.17181531e+02
 1.04726923e+03 1.33699443e+03 1.07895342e+03 8.51773560e+02
 1.14383106e+03 1.28718252e+03 1.06514136e+03 8.10463375e+02
 6.88660279e+02 1.15686859e+03 9.60716447e+02 7.24135424e+02
 7.41029481e+02 9.74511086e+02 9.04855300e+02 6.86747926e+02
 5.67784651e+02 8.69463307e+02 7.72691267e+02 6.58135510e+02
 6.58723167e+02 6.64599714e+02 6.56868187e+02 5.94117130e+02
 5.40012543e+02 5.60220121e+02 6.41023224e+02 5.72328046e+02
 5.46655418e+02 5.47412809e+02 5.86621739e+02 5.43044012e+02
 5.47211634e+02 6.37809390e+02 5.94389676e+02 5.40173076e+02
 5.40285744e+02 7.93536985e+02 5.47784528e+02 5.50467999e+02
 5.64318249e+02 9.01366416e+02 5.49230517e+02 5.94525877e+02
 5.81851921e+02 1.08818557e+03 5.62903752e+02 6.39999194e+02
 5.40014134e+02 1.12483172e+03 6.45210542e+02 6.77924795e+02
 5.52247294e+02 1.27125525e+03 7.35373806e+02 7.77491763e+02
 5.53232592e+02 1.31278327e+03 7.90734935e+02 8.99483679e+02
 6.12143716e+02 1.34943898e+03 9.11081042e+02 1.03317463e+03
 6.15933715e+02 1.37039235e+03 8.55569831e+02 1.13055824e+03
 6.24250393e+02 1.36741564e+03 8.87643945e+02 1.23172259e+03
 9.68647259e+02 1.36540651e+03 8.38608715e+02 1.32299109e+03
 1.07118355e+03 1.36666560e+03 8.16490005e+02 1.37722973e+03
 1.16365392e+03 1.36167303e+03 7.20466076e+02 1.36172032e+03
 1.28150161e+03 1.35672141e+03 7.09619887e+02 1.31571220e+03
 1.30155383e+03 1.33222147e+03 6.61299523e+02 1.27044356e+03
 1.34544498e+03 1.32587362e+03 6.01947814e+02 1.20839495e+03
 1.23540179e+03 1.34226974e+03 6.02098618e+02 1.17131941e+03
 1.20733537e+03 1.34660476e+03 5.40827527e+02 1.10035358e+03
 1.24181790e+03 1.36524535e+03 5.41312088e+02 1.07139773e+03
 8.94400387e+02 1.36845768e+03 5.57150045e+02 9.63500386e+02
 9.17234512e+02 1.32500310e+03 5.78992410e+02 9.45991555e+02
 7.45588357e+02 1.29597292e+03 6.39588001e+02 9.11600897e+02
 5.67396072e+02 1.27204493e+03 6.22460863e+02 9.41203697e+02
 5.87587502e+02 1.22489368e+03 7.34050006e+02 1.00147729e+03
 5.78543164e+02 1.15232795e+03 8.07919986e+02 1.06526925e+03
 6.42421318e+02 1.08328486e+03 7.61318567e+02 1.16902292e+03
 7.25232157e+02 1.01298337e+03 8.39815649e+02 1.19986175e+03
 1.04777628e+03 9.52014359e+02 9.02516809e+02 1.19933164e+03
 1.21491683e+03 9.01989280e+02 9.94426528e+02 1.20449446e+03
 1.35328091e+03 9.55421964e+02 1.08688951e+03 1.21732628e+03
 1.37256191e+03 1.06968103e+03 1.14101784e+03 1.27012538e+03
 1.23529112e+03 1.18047159e+03 1.21300419e+03 1.28664173e+03
 1.15570955e+03 1.30699101e+03 1.29147446e+03 1.27953474e+03
 8.56656200e+02 1.37074263e+03 1.33278621e+03 1.28656267e+03
 5.78317060e+02 1.37907287e+03 1.37274765e+03 1.28607566e+03
 6.09215138e+02 1.31977192e+03 1.35721611e+03 1.30056343e+03
 6.82763195e+02 1.26744317e+03 1.29645921e+03 1.32988855e+03
 7.83296638e+02 1.21651063e+03 1.21336621e+03 1.36193964e+03
 1.22468055e+03 1.17823064e+03 1.03970558e+03 1.37154901e+03
 1.03200075e+03 1.11962647e+03 9.34049235e+02 1.36896849e+03
 1.33353307e+03 1.10845838e+03 7.06119759e+02 1.35422020e+03
 1.30411916e+03 1.09975750e+03 6.15807431e+02 1.25107911e+03
 1.28383124e+03 1.06972655e+03 5.52264680e+02 1.14338408e+03
 1.23367552e+03 1.03876454e+03 5.53023220e+02 9.91313400e+02
 1.28319811e+03 9.29486580e+02 6.13380208e+02 8.08851581e+02
 1.02520569e+03 8.26630669e+02 7.26759293e+02 6.43168148e+02
 1.12024314e+03 8.05758693e+02 8.17377161e+02 5.47656489e+02
 7.00669006e+02 7.21607639e+02 8.62582008e+02 5.46019152e+02
 6.72070330e+02 6.00292932e+02 1.00768577e+03 6.26272688e+02
 6.56714598e+02 5.94509274e+02 1.14805594e+03 8.28398330e+02
 7.52962210e+02 6.00719023e+02 1.23251531e+03 1.00713356e+03
 8.46755783e+02 5.69935833e+02 1.21419114e+03 1.23925508e+03
 1.08902700e+03 5.65281451e+02 1.25762146e+03 1.36557528e+03
 1.08473541e+03 5.68577810e+02 1.28313610e+03 1.35228536e+03
 1.02644052e+03 5.70215100e+02 1.32057382e+03 1.25313778e+03
 1.34464219e+03 5.47854283e+02 1.28419302e+03 1.14877660e+03
 1.36143803e+03 5.50421529e+02 1.32528902e+03 1.00454614e+03
 1.37584765e+03 5.40351321e+02 1.35357603e+03 9.22634520e+02
 1.34381671e+03 5.50327741e+02 1.37693553e+03 7.88386381e+02
 1.07324797e+03 5.81179974e+02 1.37387182e+03 7.70445665e+02
 1.33661363e+03 6.30985432e+02 1.37838374e+03 6.69438915e+02
 1.07040790e+03 6.31549295e+02 1.36365867e+03 6.26224875e+02
 1.00373110e+03 6.39323857e+02 1.31052293e+03 5.82303293e+02
 6.41118138e+02 6.48082173e+02 1.11836777e+03 5.40703273e+02
 6.09667772e+02 5.84632275e+02 1.04791835e+03 5.76035269e+02
 5.40067866e+02 5.85175548e+02 8.49187276e+02 6.20722124e+02
 7.54544434e+02 5.54577270e+02 6.72680701e+02 6.74414854e+02
 8.20349412e+02 5.40001314e+02 5.48725993e+02 8.41992317e+02
 8.99573771e+02 5.49404084e+02 5.40064146e+02 9.83930569e+02
 1.09377998e+03 5.82262197e+02 6.14132395e+02 1.20383484e+03
 1.20955372e+03 6.07952106e+02 8.06665683e+02 1.30405247e+03
 1.37063287e+03 6.84974093e+02 9.79639456e+02 1.37665420e+03
 1.33840587e+03 7.77847226e+02 1.16199758e+03 1.36335356e+03
 1.04218655e+03 8.30131264e+02 1.23750655e+03 1.27982630e+03
 1.20088964e+03 1.08781911e+03 1.29832088e+03 1.09689701e+03
 7.57637425e+02 1.13047972e+03 1.34164748e+03 9.46665944e+02
 5.68399492e+02 1.21789878e+03 1.35534400e+03 7.71203837e+02
 5.52784910e+02 1.29074314e+03 1.37319504e+03 6.44826170e+02
 7.39041245e+02 1.33568012e+03 1.37776247e+03 5.46478682e+02
 5.81837790e+02 1.37858234e+03 1.37946389e+03 5.56852730e+02
 6.68842046e+02 1.37983256e+03 1.37572457e+03 6.20479224e+02
 1.07965972e+03 1.37836519e+03 1.36331295e+03 7.43837752e+02
 1.09065204e+03 1.37566993e+03 1.30446409e+03 9.42871067e+02
 1.28909886e+03 1.37326912e+03 1.28126958e+03 1.05997240e+03
 1.36728097e+03 1.33577772e+03 1.31851010e+03 1.20349880e+03
 1.25468274e+03 1.27065162e+03 1.31966197e+03 1.29196989e+03
 1.29438578e+03 1.23304980e+03 1.31716169e+03 1.37998833e+03
 1.32708670e+03 1.17956893e+03 1.29524141e+03 1.33637840e+03
 1.30502809e+03 1.08518506e+03 1.36453380e+03 1.21379908e+03
 1.30174994e+03 1.06196710e+03 1.34704132e+03 9.79027271e+02
 1.15431263e+03 9.66668371e+02 1.31583678e+03 8.00334148e+02
 1.21302139e+03 8.45679630e+02 1.34835610e+03 7.06417025e+02
 1.10164666e+03 7.79280704e+02 1.36170974e+03 6.06696799e+02
 7.59401442e+02 6.99152861e+02 1.37489750e+03 5.40569042e+02
 9.92041150e+02 6.06926600e+02 1.37891156e+03 5.71079201e+02
 7.53368398e+02 5.98060384e+02 1.37286426e+03 6.39995193e+02
 6.29954185e+02 5.65653090e+02 1.35304216e+03 7.07410672e+02
 5.44927181e+02 5.47272579e+02 1.35739340e+03 7.77599822e+02
 5.46456599e+02 5.40038042e+02 1.35467324e+03 9.27550109e+02
 6.75682830e+02 5.47030306e+02 1.34901239e+03 1.09438497e+03
 9.69506749e+02 5.50366714e+02 1.37495020e+03 1.23452846e+03
 1.12111560e+03 5.83677380e+02 1.37365693e+03 1.31091030e+03
 1.37770834e+03 6.10595313e+02 1.37887812e+03 1.37873911e+03
 1.34186211e+03 6.78386054e+02 1.36162810e+03 1.37557278e+03
 1.27704642e+03 7.43995425e+02 1.36688952e+03 1.33506301e+03
 1.24161506e+03 8.26177149e+02 1.35211665e+03 1.27093344e+03
 1.13478137e+03 1.03198195e+03 1.36029628e+03 1.15461105e+03
 1.20606625e+03 1.16651665e+03 1.37564675e+03 1.02936553e+03
 8.52056548e+02 1.28719519e+03 1.37228790e+03 9.25329976e+02
 6.44726405e+02 1.37458022e+03 1.37907876e+03 7.95068359e+02
 5.41837096e+02 1.37276798e+03 1.37982409e+03 6.63406849e+02
 5.71151715e+02 1.29333798e+03 1.36035857e+03 5.57408977e+02
 5.86413825e+02 1.14677136e+03 1.36317100e+03 5.57568501e+02
 8.83270511e+02 9.06126405e+02 1.35410937e+03 6.49264862e+02
 1.11641062e+03 7.02945809e+02 1.37418819e+03 8.38061571e+02
 1.09922183e+03 5.64338222e+02 1.35978968e+03 1.07793749e+03
 1.20091940e+03 5.45039663e+02 1.37186124e+03 1.25868055e+03
 1.37115177e+03 6.08525074e+02 1.36683478e+03 1.36116791e+03
 1.28562590e+03 7.06399519e+02 1.35064462e+03 1.37787669e+03
 1.34518027e+03 8.66264515e+02 1.35473363e+03 1.30937285e+03
 1.37157700e+03 1.04948780e+03 1.35640249e+03 1.16377057e+03
 1.16284108e+03 1.22559123e+03 1.29844354e+03 9.97097466e+02
 1.08775642e+03 1.36730263e+03 1.24908019e+03 7.38102766e+02
 8.58594379e+02 1.35921405e+03 1.13751567e+03 5.94611582e+02
 5.58901680e+02 1.26813731e+03 1.09708078e+03 5.42942699e+02
 5.87702169e+02 1.10915462e+03 1.02525629e+03 6.28647044e+02
 5.40043780e+02 9.22270562e+02 1.03602416e+03 8.80142345e+02
 5.88966785e+02 7.94513043e+02 1.00354819e+03 1.11982892e+03
 6.03494682e+02 6.55943579e+02 8.61142118e+02 1.24739942e+03
 8.08966659e+02 5.73194184e+02 8.70688240e+02 1.36201452e+03
 8.20449027e+02 5.62045284e+02 9.02082567e+02 1.37857627e+03
 8.50443275e+02 5.45631819e+02 1.00337768e+03 1.37390186e+03
 1.17875620e+03 5.41528848e+02 1.03588212e+03 1.33352515e+03
 1.33584685e+03 5.50445825e+02 1.04735558e+03 1.21945946e+03
 1.37927308e+03 5.90467981e+02 1.05052901e+03 1.13687650e+03
 1.37192065e+03 7.29917507e+02 1.06929212e+03 1.01953818e+03
 1.23025776e+03 8.62221287e+02 1.15541206e+03 9.47086653e+02
 1.22434001e+03 9.55310053e+02 1.18557644e+03 8.16780755e+02
 1.05554947e+03 1.12894047e+03 1.16961469e+03 7.13227873e+02
 7.99849307e+02 1.27167943e+03 1.27273101e+03 6.00036586e+02
 7.09168220e+02 1.34497422e+03 1.25650221e+03 5.53587902e+02
 5.42628326e+02 1.37943241e+03 1.31681937e+03 5.40000401e+02
 5.40841192e+02 1.36218085e+03 1.30651140e+03 5.46539596e+02
 5.71353327e+02 1.35262479e+03 1.33898240e+03 6.08384673e+02
 6.94228925e+02 1.24973321e+03 1.34208975e+03 7.11855222e+02
 1.10713530e+03 1.14597211e+03 1.37781869e+03 8.61288727e+02
 1.27800269e+03 1.10307113e+03 1.37529298e+03 1.02428721e+03
 1.22597501e+03 9.43258480e+02 1.33961197e+03 1.15854021e+03
 1.37398425e+03 8.88156968e+02 1.28168035e+03 1.27838033e+03
 1.34851357e+03 8.10845661e+02 1.17100378e+03 1.31948943e+03
 1.34142200e+03 6.96717702e+02 1.16050381e+03 1.37290964e+03
 1.14626921e+03 5.91606551e+02 1.03685368e+03 1.37646383e+03
 1.13990495e+03 5.77829706e+02 9.75594594e+02 1.36594035e+03
 9.14973020e+02 5.41245716e+02 8.06607269e+02 1.31345300e+03
 7.91782195e+02 5.48821596e+02 7.20828083e+02 1.20223008e+03
 5.42415797e+02 5.91423304e+02 6.65303214e+02 1.09731942e+03
 5.53126810e+02 7.20160549e+02 5.77540376e+02 9.85601413e+02
 5.41600922e+02 7.33195528e+02 5.57708526e+02 8.31363078e+02
 7.46693297e+02 8.38173230e+02 5.85863168e+02 7.61733126e+02
 9.56803542e+02 8.97595205e+02 6.17829878e+02 7.31933891e+02
 1.05826496e+03 1.07911013e+03 6.17803963e+02 6.19455337e+02
 1.28747733e+03 1.21969639e+03 7.16424182e+02 5.76537607e+02
 1.36547656e+03 1.32600966e+03 7.73249924e+02 5.41578127e+02
 1.31300217e+03 1.36460115e+03 8.16914780e+02 5.42300492e+02
 1.37403098e+03 1.37858343e+03 8.19986695e+02 5.60131934e+02
 1.26223978e+03 1.36238535e+03 9.12342462e+02 6.43199299e+02
 1.14076125e+03 1.31610802e+03 9.39602419e+02 7.63670749e+02
 6.76596441e+02 1.18547980e+03 9.43280809e+02 9.01512896e+02
 6.36923847e+02 1.03583899e+03 1.00641944e+03 1.10865610e+03
 5.42833241e+02 9.89673642e+02 9.70366044e+02 1.25946280e+03
 5.92948014e+02 8.25621877e+02 9.04216705e+02 1.34767414e+03
