 5.82000000e+02 6.22000000e+02 5.66000000e+02 4.81000000e+02
 5.82000000e+02 5.64000000e+02 8.09000000e+02 3.64000000e+02
 3.13000000e+02 5.00000000e+02 7.44000000e+02 6.02000000e+02
 2.72000000e+02 4.80000000e+02 7.38000000e+02 6.85000000e+02
 2.49000000e+02 5.10000000e+02 7.84000000e+02 5.63000000e+02
 6.82000000e+02 5.62000000e+02 8.85000000e+02 5.98000000e+02
 5.23000000e+02 5.15000000e+02 9.21000000e+02 5.28000000e+02
 1.57000000e+02 5.00000000e+02 9.40000000e+02 3.77000000e+02
 1.55000000e+02 5.94000000e+02 9.36000000e+02 2.44000000e+02
 1.39000000e+02 5.16000000e+02 8.96000000e+02 2.15000000e+02
 2.32000000e+02 5.68000000e+02 9.20000000e+02 2.74000000e+02
 1.45000000e+02 5.02000000e+02 9.22000000e+02 2.41000000e+02
 1.24000000e+02 4.42000000e+02 9.45000000e+02 2.14000000e+02
 1.58000000e+02 4.41000000e+02 9.23000000e+02 2.90000000e+02
 1.82000000e+02 4.41000000e+02 9.39000000e+02 2.57000000e+02
 2.70000000e+02 4.41000000e+02 9.52000000e+02 3.36000000e+02
 3.13000000e+02 4.54000000e+02 9.55000000e+02 3.97000000e+02
 5.90000000e+02 6.60000000e+02 9.59000000e+02 3.30000000e+02
 8.01000000e+02 7.48000000e+02 9.39000000e+02 2.44000000e+02
 8.01000000e+02 7.81000000e+02 8.40000000e+02 2.32000000e+02
 9.17000000e+02 8.38000000e+02 7.67000000e+02 3.55000000e+02
 9.17000000e+02 9.00000000e+02 8.09000000e+02 2.60000000e+02
 8.86000000e+02 9.20000000e+02 7.26000000e+02 2.15000000e+02
 5.48000000e+02 9.53000000e+02 5.22000000e+02 3.51000000e+02
 5.88000000e+02 9.54000000e+02 3.88000000e+02 2.69000000e+02
 4.83000000e+02 9.55000000e+02 6.84000000e+02 4.47000000e+02
 3.92000000e+02 9.53000000e+02 5.71000000e+02 7.00000000e+02
 3.77000000e+02 9.49000000e+02 7.63000000e+02 7.25000000e+02
 1.28000000e+02 9.33000000e+02 8.18000000e+02 7.57000000e+02
 1.61000000e+02 9.06000000e+02 6.41000000e+02 8.23000000e+02
 2.06000000e+02 8.25000000e+02 8.45000000e+02 9.05000000e+02
 2.93000000e+02 7.51000000e+02 8.77000000e+02 9.34000000e+02
 1.44000000e+02 6.64000000e+02 8.96000000e+02 9.58000000e+02
 6.00000000e+02 4.77000000e+02 8.76000000e+02 9.62000000e+02
 6.00000000e+02 3.45000000e+02 9.20000000e+02 9.59000000e+02
 2.06000000e+02 2.92000000e+02 9.49000000e+02 9.67000000e+02
 4.92000000e+02 1.93000000e+02 9.59000000e+02 9.32000000e+02
 4.92000000e+02 1.41000000e+02 8.66000000e+02 9.51000000e+02
 5.56000000e+02 1.18000000e+02 9.53000000e+02 9.65000000e+02
 5.56000000e+02 1.22000000e+02 9.26000000e+02 9.44000000e+02
 8.71000000e+02 1.73000000e+02 8.96000000e+02 9.62000000e+02
 9.47000000e+02 2.69000000e+02 9.16000000e+02 9.65000000e+02
 9.59000000e+02 3.94000000e+02 8.87000000e+02 9.67000000e+02
 9.87000000e+02 5.17000000e+02 8.68000000e+02 9.67000000e+02
 5.95000000e+02 7.09000000e+02 8.31000000e+02 9.57000000e+02
 9.72000000e+02 8.28000000e+02 7.76000000e+02 9.32000000e+02
 4.35000000e+02 9.05000000e+02 8.01000000e+02 9.50000000e+02
 9.25000000e+02 9.48000000e+02 7.47000000e+02 9.44000000e+02
 9.64000000e+02 9.29000000e+02 8.29000000e+02 9.10000000e+02
 9.21000000e+02 9.15000000e+02 8.86000000e+02 8.96000000e+02
 9.25000000e+02 6.37000000e+02 8.78000000e+02 8.43000000e+02
 8.18000000e+02 4.74000000e+02 8.72000000e+02 8.14000000e+02
 9.29000000e+02 2.36000000e+02 9.15000000e+02 7.82000000e+02
 8.88000000e+02 1.33000000e+02 8.94000000e+02 7.70000000e+02
 8.46000000e+02 3.16000000e+02 8.22000000e+02 7.36000000e+02
 9.00000000e+02 3.09000000e+02 6.36000000e+02 6.58000000e+02
 9.58000000e+02 6.23000000e+02 5.08000000e+02 5.17000000e+02
 8.80000000e+02 6.71000000e+02 3.98000000e+02 3.76000000e+02
 9.24000000e+02 8.03000000e+02 2.54000000e+02 2.37000000e+02
 9.71000000e+02 8.85000000e+02 1.89000000e+02 1.86000000e+02
 8.85000000e+02 9.43000000e+02 2.73000000e+02 1.39000000e+02
 8.24000000e+02 8.85000000e+02 1.41000000e+02 1.36000000e+02
 9.67000000e+02 7.56000000e+02 1.21000000e+02 1.49000000e+02
 9.39000000e+02 6.67000000e+02 1.45000000e+02 3.27000000e+02
 6.75000000e+02 6.68000000e+02 1.28000000e+02 5.14000000e+02
 9.30000000e+02 4.74000000e+02 2.55000000e+02 5.83000000e+02
 9.59000000e+02 1.81000000e+02 2.14000000e+02 7.48000000e+02
 9.55000000e+02 1.38000000e+02 4.53000000e+02 7.85000000e+02
 7.36000000e+02 1.63000000e+02 4.81000000e+02 8.89000000e+02
 5.60000000e+02 1.20000000e+02 4.48000000e+02 9.62000000e+02
 8.42000000e+02 3.05000000e+02 4.10000000e+02 9.48000000e+02
 5.54000000e+02 4.57000000e+02 5.36000000e+02 9.17000000e+02
 4.19000000e+02 5.84000000e+02 4.03000000e+02 8.78000000e+02
 1.38000000e+02 7.35000000e+02 5.72000000e+02 8.56000000e+02
 3.82000000e+02 9.07000000e+02 6.64000000e+02 9.38000000e+02
 1.73000000e+02 9.49000000e+02 6.32000000e+02 8.88000000e+02
 3.90000000e+02 9.14000000e+02 6.69000000e+02 8.68000000e+02
 3.90000000e+02 8.47000000e+02 8.01000000e+02 8.42000000e+02
 3.90000000e+02 8.46000000e+02 8.69000000e+02 8.20000000e+02
 1.44000000e+02 6.02000000e+02 9.18000000e+02 8.91000000e+02
 1.34000000e+02 4.41000000e+02 9.76000000e+02 9.45000000e+02
 2.58000000e+02 3.23000000e+02 9.52000000e+02 9.10000000e+02
 2.16000000e+02 2.21000000e+02 8.54000000e+02 9.68000000e+02
 1.92000000e+02 1.35000000e+02 7.68000000e+02 9.16000000e+02
 2.01000000e+02 1.40000000e+02 5.72000000e+02 9.58000000e+02
 2.79000000e+02 1.64000000e+02 4.76000000e+02 8.80000000e+02
 2.72000000e+02 1.73000000e+02 4.14000000e+02 8.18000000e+02
 2.37000000e+02 1.91000000e+02 1.81000000e+02 7.33000000e+02
 1.76000000e+02 2.17000000e+02 1.52000000e+02 5.71000000e+02
 2.36000000e+02 4.11000000e+02 2.60000000e+02 4.75000000e+02
 1.52000000e+02 4.93000000e+02 3.17000000e+02 3.57000000e+02
 7.01000000e+02 4.38000000e+02 2.32000000e+02 2.64000000e+02
 2.36000000e+02 6.72000000e+02 4.76000000e+02 2.22000000e+02
 5.53000000e+02 7.40000000e+02 4.41000000e+02 1.29000000e+02
 3.12000000e+02 6.89000000e+02 7.23000000e+02 1.80000000e+02
 3.12000000e+02 8.22000000e+02 8.71000000e+02 2.44000000e+02
 1.47000000e+02 8.45000000e+02 9.18000000e+02 2.93000000e+02
 5.56000000e+02 8.91000000e+02 9.67000000e+02 2.60000000e+02
 2.48000000e+02 9.37000000e+02 6.30000000e+02 2.80000000e+02
 5.59000000e+02 9.48000000e+02 5.90000000e+02 3.17000000e+02
 5.62000000e+02 9.53000000e+02 3.73000000e+02 2.38000000e+02
 5.95000000e+02 9.57000000e+02 2.48000000e+02 2.25000000e+02
 1.48000000e+02 8.79000000e+02 1.71000000e+02 2.00000000e+02
 6.33000000e+02 8.59000000e+02 1.88000000e+02 2.37000000e+02
 1.27000000e+02 8.42000000e+02 3.20000000e+02 2.09000000e+02
 1.27000000e+02 7.25000000e+02 4.97000000e+02 3.03000000e+02
 2.12000000e+02 6.22000000e+02 7.08000000e+02 3.28000000e+02
 1.25000000e+02 5.10000000e+02 7.78000000e+02 2.81000000e+02
 1.54000000e+02 3.83000000e+02 9.48000000e+02 2.51000000e+02
 1.74000000e+02 2.78000000e+02 9.70000000e+02 3.16000000e+02
 1.38000000e+02 2.49000000e+02 9.60000000e+02 3.62000000e+02
 1.27000000e+02 1.88000000e+02 7.48000000e+02 3.90000000e+02
 1.32000000e+02 1.49000000e+02 6.74000000e+02 4.73000000e+02
 1.53000000e+02 1.32000000e+02 5.52000000e+02 6.48000000e+02
 1.97000000e+02 1.30000000e+02 6.88000000e+02 7.54000000e+02
 1.73000000e+02 1.56000000e+02 3.34000000e+02 8.21000000e+02
 3.04000000e+02 2.23000000e+02 2.08000000e+02 9.16000000e+02
 6.74000000e+02 2.97000000e+02 3.72000000e+02 9.54000000e+02
 3.12000000e+02 5.70000000e+02 2.54000000e+02 9.65000000e+02
 2.80000000e+02 6.32000000e+02 1.77000000e+02 9.49000000e+02
 1.75000000e+02 7.06000000e+02 1.71000000e+02 9.32000000e+02
 1.25000000e+02 8.32000000e+02 1.36000000e+02 9.51000000e+02
 1.79000000e+02 8.89000000e+02 1.23000000e+02 9.48000000e+02
 1.30000000e+02 9.48000000e+02 1.23000000e+02 8.24000000e+02
 2.55000000e+02 9.22000000e+02 1.36000000e+02 8.02000000e+02
 5.63000000e+02 8.96000000e+02 1.94000000e+02 7.27000000e+02
 2.71000000e+02 7.19000000e+02 3.35000000e+02 6.56000000e+02
 5.63000000e+02 5.53000000e+02 3.71000000e+02 6.07000000e+02
 6.20000000e+02 2.96000000e+02 4.03000000e+02 5.00000000e+02
 8.03000000e+02 1.87000000e+02 3.51000000e+02 4.34000000e+02
 5.33000000e+02 1.24000000e+02 4.90000000e+02 3.48000000e+02
 3.36000000e+02 1.28000000e+02 7.33000000e+02 2.41000000e+02
 7.44000000e+02 2.15000000e+02 8.76000000e+02 1.89000000e+02
 5.53000000e+02 2.68000000e+02 9.17000000e+02 2.10000000e+02
 6.25000000e+02 3.59000000e+02 9.39000000e+02 1.35000000e+02
 6.84000000e+02 3.79000000e+02 9.53000000e+02 1.34000000e+02
 7.46000000e+02 4.22000000e+02 9.55000000e+02 1.74000000e+02
 4.51000000e+02 5.04000000e+02 9.51000000e+02 2.35000000e+02
 8.58000000e+02 4.78000000e+02 9.62000000e+02 3.03000000e+02
 9.53000000e+02 5.28000000e+02 9.41000000e+02 4.47000000e+02
 9.13000000e+02 6.01000000e+02 9.40000000e+02 6.07000000e+02
 8.82000000e+02 4.50000000e+02 8.89000000e+02 7.57000000e+02
 8.22000000e+02 4.00000000e+02 7.96000000e+02 8.54000000e+02
 6.27000000e+02 3.43000000e+02 7.48000000e+02 8.68000000e+02
 3.87000000e+02 3.61000000e+02 6.87000000e+02 9.00000000e+02
 1.35000000e+02 3.91000000e+02 6.55000000e+02 9.31000000e+02
 2.04000000e+02 4.04000000e+02 4.58000000e+02 9.46000000e+02
 1.75000000e+02 4.69000000e+02 3.77000000e+02 9.60000000e+02
 1.34000000e+02 4.77000000e+02 3.19000000e+02 9.45000000e+02
 4.14000000e+02 3.27000000e+02 2.90000000e+02 9.47000000e+02
 1.45000000e+02 2.37000000e+02 2.44000000e+02 9.43000000e+02
 3.05000000e+02 2.11000000e+02 3.12000000e+02 9.66000000e+02
 9.15000000e+02 1.93000000e+02 1.41000000e+02 9.49000000e+02
 7.04000000e+02 1.46000000e+02 1.17000000e+02 9.13000000e+02
 8.26000000e+02 1.23000000e+02 1.81000000e+02 8.56000000e+02
 9.02000000e+02 1.15000000e+02 1.30000000e+02 8.78000000e+02
 9.25000000e+02 1.18000000e+02 1.34000000e+02 8.27000000e+02
 8.62000000e+02 1.35000000e+02 1.40000000e+02 8.70000000e+02
 5.88000000e+02 1.38000000e+02 1.68000000e+02 8.39000000e+02
 3.63000000e+02 1.74000000e+02 2.03000000e+02 8.14000000e+02
 2.37000000e+02 2.43000000e+02 2.70000000e+02 7.80000000e+02
 1.46000000e+02 4.37000000e+02 3.80000000e+02 8.19000000e+02
 2.07000000e+02 6.14000000e+02 4.57000000e+02 7.98000000e+02
 6.92000000e+02 6.90000000e+02 7.83000000e+02 8.44000000e+02
 9.25000000e+02 8.52000000e+02 8.10000000e+02 7.71000000e+02
 8.67000000e+02 8.95000000e+02 8.71000000e+02 7.26000000e+02
 9.44000000e+02 9.25000000e+02 9.32000000e+02 6.25000000e+02
 7.60000000e+02 9.44000000e+02 9.70000000e+02 5.29000000e+02
 8.80000000e+02 9.49000000e+02 9.30000000e+02 3.32000000e+02
 5.49000000e+02 9.52000000e+02 7.51000000e+02 3.86000000e+02
 6.91000000e+02 9.40000000e+02 6.23000000e+02 1.80000000e+02
 2.51000000e+02 9.54000000e+02 4.82000000e+02 1.24000000e+02
 1.30000000e+02 9.57000000e+02 3.16000000e+02 1.43000000e+02
 2.61000000e+02 9.50000000e+02 2.07000000e+02 2.35000000e+02
 5.06000000e+02 8.90000000e+02 1.37000000e+02 4.89000000e+02
 5.73000000e+02 9.10000000e+02 1.13000000e+02 6.71000000e+02
 4.59000000e+02 8.45000000e+02 1.21000000e+02 7.82000000e+02
 2.13000000e+02 6.51000000e+02 1.35000000e+02 9.27000000e+02
 4.92000000e+02 7.02000000e+02 2.25000000e+02 9.72000000e+02
 1.24000000e+02 7.57000000e+02 3.34000000e+02 9.20000000e+02
 1.36000000e+02 6.66000000e+02 2.38000000e+02 7.53000000e+02
 1.16000000e+02 6.65000000e+02 3.91000000e+02 4.35000000e+02
 1.59000000e+02 6.65000000e+02 4.92000000e+02 2.48000000e+02
 1.57000000e+02 6.79000000e+02 4.44000000e+02 1.55000000e+02
 4.54000000e+02 5.98000000e+02 2.38000000e+02 1.33000000e+02
 8.64000000e+02 5.69000000e+02 4.15000000e+02 1.22000000e+02
 6.73000000e+02 5.09000000e+02 5.51000000e+02 1.42000000e+02
 9.27000000e+02 4.34000000e+02 6.10000000e+02 2.47000000e+02
 8.81000000e+02 2.89000000e+02 5.14000000e+02 1.81000000e+02
 4.57000000e+02 2.05000000e+02 6.16000000e+02 3.19000000e+02
 7.42000000e+02 2.33000000e+02 7.54000000e+02 3.66000000e+02
 9.42000000e+02 2.63000000e+02 8.59000000e+02 4.29000000e+02
 5.32000000e+02 2.46000000e+02 9.40000000e+02 5.83000000e+02
 5.03000000e+02 3.54000000e+02 9.48000000e+02 8.06000000e+02
 2.31000000e+02 5.33000000e+02 8.70000000e+02 9.08000000e+02
 1.34000000e+02 4.25000000e+02 7.39000000e+02 9.27000000e+02
 1.39000000e+02 6.55000000e+02 4.11000000e+02 9.62000000e+02
 1.31000000e+02 7.48000000e+02 3.42000000e+02 9.41000000e+02
 2.29000000e+02 8.29000000e+02 2.26000000e+02 8.13000000e+02
 4.59000000e+02 8.28000000e+02 1.30000000e+02 6.83000000e+02
 8.53000000e+02 8.92000000e+02 1.69000000e+02 4.74000000e+02
 9.32000000e+02 9.31000000e+02 3.42000000e+02 2.88000000e+02
 9.08000000e+02 9.56000000e+02 4.00000000e+02 1.91000000e+02
 6.59000000e+02 9.14000000e+02 3.67000000e+02 1.35000000e+02
 8.82000000e+02 8.67000000e+02 4.29000000e+02 1.87000000e+02
 4.20000000e+02 8.02000000e+02 4.57000000e+02 2.23000000e+02
 4.48000000e+02 7.06000000e+02 4.95000000e+02 3.66000000e+02
 1.83000000e+02 5.92000000e+02 5.25000000e+02 6.78000000e+02
 4.24000000e+02 4.94000000e+02 6.10000000e+02 7.65000000e+02
 2.34000000e+02 4.27000000e+02 6.50000000e+02 8.78000000e+02
 1.13000000e+02 4.88000000e+02 7.00000000e+02 9.51000000e+02
 2.77000000e+02 4.45000000e+02 8.42000000e+02 9.40000000e+02
 4.84000000e+02 4.50000000e+02 8.56000000e+02 8.84000000e+02
 6.51000000e+02 2.70000000e+02 7.47000000e+02 7.60000000e+02
 6.63000000e+02 1.92000000e+02 6.92000000e+02 6.54000000e+02
 8.91000000e+02 2.19000000e+02 7.45000000e+02 3.78000000e+02
 9.32000000e+02 1.96000000e+02 8.08000000e+02 2.03000000e+02
 8.04000000e+02 1.20000000e+02 7.02000000e+02 1.42000000e+02
 9.51000000e+02 1.29000000e+02 7.21000000e+02 1.74000000e+02
 9.46000000e+02 1.36000000e+02 7.94000000e+02 2.73000000e+02
 7.11000000e+02 1.63000000e+02 7.25000000e+02 2.65000000e+02
 9.11000000e+02 2.04000000e+02 6.61000000e+02 3.41000000e+02
 9.06000000e+02 2.64000000e+02 5.18000000e+02 6.96000000e+02
 9.68000000e+02 3.96000000e+02 4.31000000e+02 8.90000000e+02
 8.44000000e+02 3.35000000e+02 3.87000000e+02 9.01000000e+02
 6.46000000e+02 4.17000000e+02 3.26000000e+02 8.86000000e+02
 2.76000000e+02 5.60000000e+02 4.23000000e+02 9.31000000e+02
 6.68000000e+02 6.11000000e+02 3.73000000e+02 9.66000000e+02
 1.58000000e+02 6.92000000e+02 3.29000000e+02 8.71000000e+02
 2.92000000e+02 6.42000000e+02 4.90000000e+02 7.78000000e+02
 5.55000000e+02 7.99000000e+02 5.98000000e+02 6.64000000e+02
 7.91000000e+02 8.46000000e+02 6.49000000e+02 4.05000000e+02
 3.89000000e+02 9.06000000e+02 7.17000000e+02 3.12000000e+02
 8.20000000e+02 9.44000000e+02 6.43000000e+02 2.43000000e+02
 9.47000000e+02 9.63000000e+02 7.56000000e+02 1.86000000e+02
 9.61000000e+02 9.22000000e+02 6.40000000e+02 1.29000000e+02
 8.79000000e+02 8.14000000e+02 5.86000000e+02 1.29000000e+02
 9.48000000e+02 6.83000000e+02 5.52000000e+02 1.43000000e+02
 5.93000000e+02 4.29000000e+02 4.77000000e+02 2.26000000e+02
 3.26000000e+02 2.62000000e+02 5.73000000e+02 3.48000000e+02
 1.68000000e+02 1.57000000e+02 4.10000000e+02 6.25000000e+02
 3.48000000e+02 1.19000000e+02 3.52000000e+02 8.69000000e+02
 1.37000000e+02 2.13000000e+02 3.29000000e+02 9.22000000e+02
 3.19000000e+02 3.71000000e+02 5.52000000e+02 9.60000000e+02
 3.50000000e+02 6.39000000e+02 3.28000000e+02 8.84000000e+02
 4.12000000e+02 8.30000000e+02 4.47000000e+02 7.00000000e+02
 6.92000000e+02 9.07000000e+02 3.89000000e+02 4.72000000e+02
 3.08000000e+02 9.32000000e+02 3.18000000e+02 3.51000000e+02
 7.13000000e+02 9.53000000e+02 3.63000000e+02 2.18000000e+02
 8.61000000e+02 9.10000000e+02 4.01000000e+02 1.35000000e+02
 9.59000000e+02 7.57000000e+02 2.46000000e+02 1.56000000e+02
 9.33000000e+02 4.69000000e+02 2.01000000e+02 2.88000000e+02
 6.93000000e+02 2.64000000e+02 1.49000000e+02 5.60000000e+02
 4.25000000e+02 1.46000000e+02 1.24000000e+02 7.59000000e+02
 3.76000000e+02 1.18000000e+02 1.17000000e+02 9.11000000e+02
 4.90000000e+02 1.64000000e+02 1.28000000e+02 9.65000000e+02
 2.44000000e+02 2.32000000e+02 1.25000000e+02 8.19000000e+02
 1.16000000e+02 3.80000000e+02 1.36000000e+02 6.80000000e+02
 1.17000000e+02 5.06000000e+02 1.65000000e+02 4.91000000e+02
 1.52000000e+02 3.96000000e+02 1.30000000e+02 4.44000000e+02
 1.45000000e+02 5.01000000e+02 1.54000000e+02 4.07000000e+02
 2.68000000e+02 6.24000000e+02 1.64000000e+02 2.80000000e+02
 4.63000000e+02 6.85000000e+02 1.47000000e+02 1.36000000e+02
 5.93000000e+02 8.12000000e+02 1.19000000e+02 1.19000000e+02
 7.86000000e+02 9.41000000e+02 1.43000000e+02 1.29000000e+02
 9.14000000e+02 9.55000000e+02 2.26000000e+02 1.84000000e+02
 8.72000000e+02 9.44000000e+02 2.09000000e+02 2.33000000e+02
 9.58000000e+02 8.63000000e+02 1.73000000e+02 3.32000000e+02
 9.22000000e+02 7.21000000e+02 2.62000000e+02 4.60000000e+02
 8.68000000e+02 5.48000000e+02 3.19000000e+02 6.06000000e+02
 5.04000000e+02 3.87000000e+02 4.06000000e+02 7.23000000e+02
 5.53000000e+02 2.76000000e+02 3.06000000e+02 7.88000000e+02
 3.29000000e+02 2.50000000e+02 4.16000000e+02 8.72000000e+02
 1.72000000e+02 1.52000000e+02 3.66000000e+02 9.45000000e+02
 1.65000000e+02 1.32000000e+02 5.54000000e+02 9.65000000e+02
 4.58000000e+02 1.38000000e+02 7.23000000e+02 9.04000000e+02
 6.69000000e+02 1.40000000e+02 7.96000000e+02 7.93000000e+02
 6.46000000e+02 1.70000000e+02 8.66000000e+02 6.69000000e+02
 8.09000000e+02 1.88000000e+02 9.33000000e+02 7.28000000e+02
 8.57000000e+02 2.92000000e+02 9.36000000e+02 5.57000000e+02
 9.24000000e+02 5.01000000e+02 9.83000000e+02 3.96000000e+02
 9.45000000e+02 4.35000000e+02 9.65000000e+02 3.26000000e+02
 9.09000000e+02 5.96000000e+02 9.23000000e+02 2.15000000e+02
 7.99000000e+02 7.47000000e+02 8.44000000e+02 1.38000000e+02
 3.28000000e+02 8.42000000e+02 7.50000000e+02 1.26000000e+02
 5.71000000e+02 9.27000000e+02 6.09000000e+02 1.47000000e+02
 3.49000000e+02 8.95000000e+02 4.33000000e+02 2.14000000e+02
 1.67000000e+02 9.61000000e+02 3.17000000e+02 2.41000000e+02
 1.29000000e+02 9.59000000e+02 2.00000000e+02 1.94000000e+02
 1.56000000e+02 8.91000000e+02 1.99000000e+02 3.65000000e+02
 3.41000000e+02 7.75000000e+02 1.51000000e+02 4.21000000e+02
 5.28000000e+02 6.22000000e+02 1.28000000e+02 6.32000000e+02
 3.19000000e+02 4.77000000e+02 1.09000000e+02 5.96000000e+02
 4.94000000e+02 5.02000000e+02 1.73000000e+02 7.57000000e+02
 8.89000000e+02 3.56000000e+02 1.28000000e+02 8.53000000e+02
 9.63000000e+02 2.41000000e+02 1.39000000e+02 9.59000000e+02
 9.17000000e+02 1.47000000e+02 1.38000000e+02 9.60000000e+02
 8.22000000e+02 1.27000000e+02 1.43000000e+02 8.73000000e+02
 5.38000000e+02 1.30000000e+02 1.25000000e+02 7.49000000e+02
 4.02000000e+02 1.90000000e+02 1.39000000e+02 5.78000000e+02
