 7.27047900e-02 -6.13543235e-02 1.71748733e-01 4.22452144e-03
 4.88494345e-02 -5.30964577e-02 1.44957938e-01 9.79347349e-02
 8.37504144e-03 3.85812576e-02 2.03046187e-01 2.53916270e-02
 -1.32615454e-02 1.08255089e-01 1.43509327e-01 -9.14467242e-02
 -7.27397052e-02 -1.26145162e-03 1.19669393e-01 -5.67257757e-02
 -1.93722173e-01 2.07891362e-02 5.60751983e-02 -2.21570697e-01
 -2.47327707e-01 3.18311247e-02 6.27455148e-02 -2.05763007e-01
 -2.31323288e-01 -4.08100258e-02 3.49138199e-02 -1.55405568e-01
 -2.10135513e-01 -1.00599746e-01 1.67522767e-02 -1.00202824e-01
 -2.23827378e-01 1.36789070e-03 4.91866493e-02 -5.52736660e-02
 -2.92775644e-01 -7.30440973e-02 7.32374114e-02 3.60139664e-02
 -2.56101313e-01 -1.85953869e-02 8.88669254e-02 -3.92274635e-02
 -3.05179501e-01 -9.33962694e-02 1.32417007e-01 4.72409774e-02
 -2.61313507e-01 8.28897341e-03 7.73078715e-02 6.67154347e-03
 -3.02543046e-01 1.02594695e-01 5.42656928e-02 3.63270771e-02
 -2.84361997e-01 1.40483578e-01 -3.24079759e-02 1.39404232e-01
 -2.64312901e-01 2.26043667e-01 -1.04844532e-01 1.35950739e-02
 -3.26527922e-01 1.60608122e-01 -2.37251272e-01 -2.02423547e-02
 -4.25583415e-01 6.36633839e-02 -1.56396801e-01 -5.70641006e-02
 -4.56984534e-01 1.33633015e-01 -5.05443710e-02 -8.18728074e-02
 -4.37861957e-01 1.72459301e-01 -1.47321348e-01 -7.57314350e-02
 -3.23088218e-01 1.97040571e-01 -1.69703910e-01 -2.16441683e-02
 -2.84043269e-01 1.99889881e-01 -3.14792266e-01 8.68249132e-02
 -2.68984108e-01 1.62483583e-01 -1.39952637e-01 2.04493547e-01
 -2.63029835e-01 1.39859838e-01 7.88511018e-02 1.80201965e-01
 -3.41913275e-01 6.45768606e-02 2.21502846e-01 2.47067113e-01
 -4.38637356e-01 1.17107469e-01 1.05357177e-01 2.22155220e-01
 -4.24066314e-01 1.09389883e-01 8.34000115e-02 1.66111407e-01
 -3.43924526e-01 2.73889218e-01 1.18881823e-01 2.41048894e-01
 -2.74165250e-01 2.38603323e-01 9.93248109e-03 2.26971969e-01
 -2.97075688e-01 2.30064774e-01 -2.64663499e-02 2.21595873e-01
 -1.66830758e-01 2.05078290e-01 9.49307591e-02 2.56947097e-01
 -1.75523076e-01 3.05531269e-01 5.87522196e-02 8.29930683e-02
 -7.24401276e-02 3.03884756e-01 1.44398536e-01 2.18453268e-02
 -1.10913635e-01 3.17710450e-01 1.23688643e-01 4.46773616e-02
 -2.34499155e-01 2.79341806e-01 2.25964966e-02 -4.91669137e-02
 -1.20061318e-01 2.49290396e-01 -2.16772549e-02 8.17196422e-02
 -8.53511684e-02 1.70903700e-01 -1.71890485e-02 -3.21729771e-02
 -9.63007858e-02 2.51285602e-01 -9.83361898e-02 -2.29085532e-02
 -1.41276366e-01 3.41676871e-01 -3.32006583e-03 -4.61210202e-02
 -2.24124282e-01 3.78642452e-01 -2.70881877e-03 5.75189692e-03
 -1.63990163e-01 2.96106240e-01 -1.13309425e-02 -6.79008238e-02
 -1.37100257e-01 3.71877648e-01 -7.00225143e-02 9.25221080e-02
 1.70972344e-03 3.84408239e-01 -6.45384895e-02 -5.44100730e-02
 6.90969104e-02 4.29469165e-01 -1.06524146e-01 -4.69311498e-02
 -1.39246165e-01 3.43614558e-01 -2.76967370e-03 -3.91760895e-02
 -1.54817526e-01 3.23164189e-01 -7.30125388e-03 -6.33234770e-02
 -7.25702568e-02 3.43393344e-01 3.35194010e-02 -2.34356850e-02
 -7.89945802e-02 3.61608006e-01 7.01560683e-02 -1.31948917e-01
 -8.44768079e-02 4.79373973e-01 1.17260039e-01 -5.65152477e-02
 -1.21791706e-01 5.27818651e-01 7.44351038e-03 -1.10603668e-01
 -6.22043726e-02 6.27013520e-01 8.66890616e-03 -9.13944301e-02
 -6.19798230e-02 7.07254902e-01 -5.85111837e-02 -9.57850258e-02
 -1.67836567e-01 6.03878081e-01 -2.49382404e-01 -1.11305209e-01
 -1.15172040e-01 5.63624665e-01 -2.94061705e-01 -2.35538835e-01
 -9.71028257e-02 5.15095288e-01 -2.14919234e-01 -2.61957382e-01
 -1.04299362e-01 3.78903697e-01 -2.98176232e-01 -2.83747826e-01
 -2.92674810e-02 3.70100002e-01 -2.53326347e-01 -2.91660130e-01
 -1.19712245e-01 4.70755095e-01 -2.33187991e-01 -2.25899800e-01
 -9.63198486e-02 4.35406139e-01 -2.15862150e-01 -2.46572860e-01
 4.02496903e-02 4.85039406e-01 -2.05283548e-01 -3.07871828e-01
 9.21048446e-02 4.71248978e-01 -2.25076320e-01 -3.89865303e-01
 1.48490658e-01 4.00869552e-01 -2.10252061e-01 -4.41542298e-01
 1.92574382e-01 3.50447579e-01 -3.21900700e-01 -4.36089304e-01
 1.37260947e-01 2.52483626e-01 -1.73384488e-01 -3.34052731e-01
 2.03135866e-01 3.04239971e-01 -1.79257214e-01 -3.97259473e-01
 2.04151729e-01 3.00999292e-01 -2.62068349e-01 -2.55185303e-01
 2.09160823e-01 3.47354270e-01 -1.52157623e-01 -3.45071580e-01
 2.13087129e-01 4.40843695e-01 -1.87958943e-01 -4.30590214e-01
 1.67957448e-01 4.60890984e-01 -9.11596377e-02 -3.65197167e-01
 2.52416713e-01 4.47101267e-01 -1.48188635e-01 -2.71947990e-01
 1.42853965e-01 4.62447659e-01 -1.67688934e-01 -1.27277733e-01
 9.98249297e-02 5.15652156e-01 -9.54502030e-02 -5.76323968e-02
 1.16952070e-01 5.57192043e-01 -2.78310185e-02 -9.76009513e-02
 1.40173147e-01 4.20255134e-01 -5.09663819e-02 2.19258024e-03
 2.06452623e-01 3.20834648e-01 -8.85221431e-02 -5.95288596e-02
 3.29652013e-01 3.46578636e-01 -2.16477641e-01 -5.94880732e-02
 2.83509737e-01 2.98044263e-01 -1.67396644e-01 -6.53716310e-03
 1.66775293e-01 3.37210275e-01 -2.82766621e-01 1.33995537e-02
 -9.85202239e-03 3.79415656e-01 -2.94585273e-01 4.75554210e-02
 4.54877297e-02 4.45977606e-01 -3.64089728e-01 1.34999140e-01
 6.48872077e-02 5.05930812e-01 -3.52140216e-01 1.49133589e-01
 -2.91942311e-02 4.26158766e-01 -3.16649834e-01 1.04302386e-01
 -5.75378228e-02 3.27065385e-01 -4.26272973e-01 2.32746891e-01
 -5.52339650e-02 2.09860650e-01 -3.85884287e-01 2.78542296e-01
 -3.84382006e-02 1.73668087e-01 -4.47922627e-01 2.35391538e-01
 -2.06809702e-02 1.62409769e-01 -4.96464835e-01 3.02080561e-01
 1.06586052e-01 2.39789079e-01 -3.79024455e-01 3.26546363e-01
 1.88041669e-01 2.14518033e-01 -3.62824839e-01 3.47774454e-01
 2.36173942e-01 2.01367102e-01 -2.77718793e-01 3.68979877e-01
 1.81872777e-01 1.82875088e-01 -2.56737975e-01 2.55694427e-01
 1.36863043e-01 2.97622170e-01 -2.91562005e-01 3.53665933e-01
 -2.88478018e-02 1.92891327e-01 -3.97722934e-01 3.55104116e-01
 3.73102695e-02 1.41462885e-01 -4.28351183e-01 3.70553962e-01
 1.76906165e-02 1.77127350e-01 -4.04363287e-01 2.69556351e-01
 8.89610352e-02 1.66532140e-01 -3.40321499e-01 2.61755231e-01
 3.90320617e-02 1.42783572e-01 -4.16017154e-01 1.05653980e-01
 -6.77835679e-02 1.23630208e-01 -4.44735040e-01 7.45990278e-02
 -6.55243012e-02 1.75144439e-01 -5.96281660e-01 -5.70586379e-02
 -6.74428678e-02 2.48175891e-01 -5.30034272e-01 -1.04365060e-02
 -1.23580934e-01 1.89963961e-01 -6.23223976e-01 -4.51535329e-02
 -7.50986683e-02 2.50961772e-01 -5.99407858e-01 -1.12208876e-02
 -4.92130552e-02 1.91677618e-01 -5.04709368e-01 2.90732082e-02
 -4.95930372e-02 2.16923890e-01 -5.08631857e-01 4.70504506e-02
 -4.18598232e-02 2.14636849e-01 -4.60821960e-01 1.56077533e-01
 -6.56276721e-02 2.53973467e-01 -4.79630166e-01 4.74695819e-02
 -1.00664405e-01 2.98177764e-01 -5.62534454e-01 -4.43390650e-02
 -5.12824264e-02 2.95060482e-01 -5.17129278e-01 -5.07814573e-02
 3.81402085e-02 2.87010452e-01 -3.82010903e-01 4.92108794e-02
 -6.54385316e-03 1.66578177e-01 -3.88991342e-01 1.01784984e-01
 -4.78618284e-03 1.79687741e-01 -3.29030560e-01 2.76792576e-02
 8.77870347e-02 1.85393326e-01 -3.62794211e-01 2.37991435e-01
 1.70305079e-01 3.13981277e-01 -4.02460506e-01 2.34845860e-01
 1.91866265e-01 2.30293602e-01 -2.80079925e-01 2.56654849e-01
 7.82112389e-02 2.13626617e-01 -2.21475575e-01 3.78835277e-01
 1.27253855e-01 3.16444406e-01 -1.93852751e-01 3.10722306e-01
 9.11060935e-02 2.92413502e-01 -2.30258283e-01 2.41689787e-01
 2.17426642e-03 3.15863405e-01 -1.24478832e-01 2.42284679e-01
 -1.53772168e-01 3.09465538e-01 -1.24598982e-01 1.47816035e-01
 -2.80299982e-01 3.32034732e-01 -2.23045152e-01 1.41284291e-01
 -2.50971168e-01 2.86923519e-01 -2.08369856e-01 1.78355229e-01
 -2.63519848e-01 3.30067992e-01 -1.42800018e-01 1.52569824e-01
 -3.22374678e-01 3.37430668e-01 -2.65963052e-01 1.25855069e-01
 -3.05007982e-01 3.00261916e-01 -2.34873532e-01 1.04886067e-01
 -3.17030125e-01 4.65301015e-01 -2.90544621e-01 1.65133349e-01
 -2.42906107e-01 4.61014189e-01 -1.89282332e-01 1.90760907e-01
 -2.87693030e-01 4.79221562e-01 -1.19608643e-01 2.10400369e-01
 -1.86304622e-01 4.85270043e-01 -1.89436621e-01 2.27486149e-01
 -4.50394478e-02 5.60320227e-01 -1.77040262e-01 1.68148251e-01
 -3.76854955e-02 4.33582989e-01 -2.52362464e-01 2.58640131e-01
 -4.46603364e-02 3.90041053e-01 -2.17557964e-01 2.04229467e-01
 -4.11321833e-02 3.02544392e-01 -2.83957095e-01 1.58240671e-01
 1.51064785e-02 3.17353267e-01 -2.62129806e-01 1.75879801e-01
 -1.10057671e-01 2.42610930e-01 -2.29755846e-01 2.44874587e-01
 -6.92050864e-02 2.12838852e-01 -2.01731445e-01 2.90099069e-01
 -1.12347706e-01 2.12596734e-01 -1.93817260e-01 2.75359650e-01
 -1.95720978e-01 9.28628507e-02 -2.93367687e-02 2.80930117e-01
 -3.52307400e-01 3.12180881e-02 -3.99553147e-02 3.36534071e-01
 -4.27752163e-01 -2.99865228e-03 1.02766263e-01 3.34195928e-01
 -4.03382236e-01 -2.49656037e-02 8.98424230e-02 4.02118649e-01
 -3.51793992e-01 -3.24324405e-02 1.36885901e-01 4.78867234e-01
 -3.89854841e-01 -2.93016761e-02 1.29846194e-01 2.66359938e-01
 -3.27128804e-01 -1.03036906e-01 1.14480768e-01 1.75896603e-01
 -3.46430813e-01 -5.78820315e-02 2.15491973e-01 1.76345998e-01
 -3.41098874e-01 9.92879644e-03 2.46322869e-01 1.40572665e-01
 -3.39476972e-01 7.57820264e-02 2.62602108e-01 1.09552154e-01
 -3.18960945e-01 5.49484239e-02 3.08732049e-01 1.33871984e-01
 -3.44547874e-01 -3.17833012e-02 1.08080685e-01 1.91359989e-01
 -4.09131776e-01 -1.03023431e-01 1.30215319e-01 1.05996444e-01
 -3.31035858e-01 -1.26741483e-01 1.34792082e-01 3.67730501e-02
 -3.77406004e-01 -1.77955611e-01 1.45310534e-01 -5.39028008e-02
 -3.68582480e-01 -1.54169721e-01 2.77053824e-01 -9.61909691e-02
 -4.56154000e-01 -1.68916712e-01 1.52491734e-01 -2.19342288e-01
 -4.57541852e-01 -1.35985020e-01 6.92525684e-02 -1.61991946e-01
 -3.98943576e-01 -2.15228993e-01 1.54555723e-01 -1.27669399e-01
 -5.04667718e-01 -1.72784888e-01 1.27724323e-01 -7.01353667e-02
 -5.04424803e-01 -4.45460592e-02 1.13398620e-01 -6.56085884e-02
 -6.09788910e-01 8.39335664e-02 1.63161192e-01 -6.74128037e-02
 -5.53989759e-01 2.46464308e-01 2.60564997e-01 -3.85929675e-02
 -5.68155871e-01 3.01466748e-01 2.56770801e-01 -5.69768702e-02
 -6.31261872e-01 3.58992101e-01 2.31454707e-01 -6.08213759e-02
 -7.84061948e-01 3.69632336e-01 2.56269057e-01 4.92760917e-02
 -6.52938396e-01 3.69391813e-01 3.31929537e-01 7.88399000e-03
 -5.14346031e-01 3.99228804e-01 3.30666507e-01 -7.19294561e-02
 -5.29284232e-01 2.81113859e-01 2.98235173e-01 -1.60177969e-01
 -4.67939618e-01 1.78358811e-01 3.64959982e-01 -1.88868887e-01
 -4.81655446e-01 1.71768221e-01 3.76403137e-01 -1.95713375e-01
 -4.77378541e-01 6.33083983e-02 3.23204115e-01 -2.22444238e-01
 -4.08169163e-01 8.96053640e-02 4.13773898e-01 -2.89433727e-01
 -5.00760720e-01 1.45711445e-02 3.68154089e-01 -3.91219230e-01
 -5.38972872e-01 2.70857185e-02 3.96278155e-01 -3.20875775e-01
 -4.26657018e-01 8.95007744e-02 4.17398534e-01 -3.82800880e-01
 -3.88254537e-01 1.97441493e-01 3.67525232e-01 -4.39454031e-01
 -3.35829380e-01 1.75458412e-01 3.31637460e-01 -5.05592097e-01
 -2.13122591e-01 2.08444224e-01 2.45311904e-01 -4.87223364e-01
 -1.05916292e-01 2.50491806e-01 2.67575551e-01 -3.56731888e-01
 -1.18783403e-01 2.14687072e-01 2.77062536e-01 -4.84883965e-01
 9.49931382e-03 1.50075195e-01 2.22710598e-01 -5.85730737e-01
 4.36366818e-02 1.04593579e-01 1.86215898e-01 -4.88179625e-01
 1.08404990e-01 5.63669374e-02 1.81262923e-01 -5.58644533e-01
 2.32594201e-01 2.15276064e-02 1.61633954e-01 -6.15247954e-01
 2.47525212e-01 -9.83916226e-03 5.04449419e-02 -5.43387436e-01
 2.72942294e-01 3.72547000e-02 4.93175667e-02 -5.05202699e-01
 2.83347962e-01 6.07587917e-02 4.73254650e-02 -3.74069657e-01
 3.77266606e-01 1.13063952e-01 7.84308255e-02 -3.04963465e-01
 4.92718428e-01 1.67884436e-01 1.93142336e-01 -1.83148685e-01
 4.05319693e-01 2.13501503e-01 1.65055665e-01 -2.05360171e-01
 3.73457694e-01 2.11734363e-01 1.11095180e-01 -1.95876611e-01
 2.93227249e-01 2.58370347e-01 1.34362022e-01 -2.48482351e-01
 3.61797596e-01 8.69683954e-02 2.33130771e-01 -1.90302029e-01
 4.18343309e-01 -4.18190207e-02 3.46054350e-01 -2.45550797e-01
 3.97528970e-01 -1.13886535e-01 4.10519218e-01 -3.43938156e-01
 4.36558260e-01 -1.25360215e-01 4.52599742e-01 -3.48433040e-01
 4.80205854e-01 -1.32276099e-01 3.97525553e-01 -3.14846403e-01
 5.37241759e-01 -1.69704968e-01 4.40009912e-01 -2.85984310e-01
 4.68972991e-01 -1.66901833e-01 4.36069188e-01 -3.75857801e-01
 4.14605903e-01 -1.99163871e-01 5.53539038e-01 -4.22620089e-01
 4.70336050e-01 -2.02163781e-01 5.00397485e-01 -4.58773067e-01
 6.01545047e-01 -2.41506941e-01 5.04339338e-01 -3.98537826e-01
 6.24182794e-01 -2.16983045e-01 4.70252066e-01 -4.26623606e-01
 6.51818498e-01 -2.62883963e-01 3.64999833e-01 -4.26977541e-01
 5.16872357e-01 -3.28083727e-01 3.20147576e-01 -4.44490649e-01
 4.65755508e-01 -3.18230786e-01 1.91217284e-01 -4.40117299e-01
 4.65630462e-01 -3.19777673e-01 1.61334258e-01 -4.17760597e-01
 4.21506879e-01 -2.11280779e-01 1.47406675e-01 -3.77619975e-01
 3.33110584e-01 -1.98464581e-01 1.67644857e-01 -4.55698488e-01
 3.77144794e-01 -2.73640143e-01 -2.28801749e-02 -5.51492980e-01
 3.74895761e-01 -2.36241417e-01 1.68609311e-01 -4.70728539e-01
 4.40616199e-01 -1.18762153e-01 1.64121524e-01 -3.59519460e-01
 4.17648829e-01 -8.15294851e-02 1.91311357e-01 -4.06918662e-01
 5.65506163e-01 -1.09909095e-01 1.78104794e-01 -4.69696503e-01
 5.16400346e-01 -1.42067534e-01 5.12412049e-02 -3.14738015e-01
 3.85041003e-01 -1.36113541e-01 4.18598222e-02 -3.39269559e-01
 2.49064842e-01 -1.62233307e-01 -3.48185771e-02 -4.19800309e-01
 1.60424472e-01 -2.27162194e-01 -2.57878993e-02 -4.85979860e-01
 1.47140311e-01 -2.35944725e-01 -6.21846307e-02 -4.89377992e-01
 1.27078131e-01 -1.32870978e-01 -3.67924479e-02 -5.13675831e-01
 2.90940280e-01 -2.27029054e-01 -5.03863466e-02 -5.32429806e-01
 1.99511927e-01 -2.06211187e-01 -2.86505737e-02 -4.16485431e-01
 1.50284454e-01 -1.43716649e-01 -3.98083002e-02 -3.48358086e-01
 2.32783829e-01 -2.39707738e-01 -7.11682545e-02 -3.60522556e-01
 3.36802468e-01 -1.74515961e-01 -1.07429757e-01 -4.55320184e-01
 3.64208821e-01 -2.12042774e-01 -9.58848383e-02 -4.52634174e-01
 3.74934634e-01 -2.50691294e-01 -1.31701980e-01 -3.04071736e-01
 4.59836395e-01 -1.91519581e-01 -2.97185464e-01 -2.60922890e-01
 3.47714228e-01 -1.17855911e-01 -6.20163417e-02 -2.05093561e-01
 4.27098081e-01 -1.05444203e-01 5.14556210e-02 -3.67630433e-01
 4.58784287e-01 -1.69135790e-01 7.06647234e-02 -3.82698821e-01
 5.68990683e-01 -1.63876056e-01 3.62990990e-02 -3.64440450e-01
 5.16631668e-01 -1.84209639e-01 1.35332503e-01 -3.31747698e-01
 6.18983797e-01 -1.77232159e-01 1.98017841e-01 -4.09947032e-01
 5.33595576e-01 -1.86723852e-01 1.21836842e-01 -3.34599742e-01
 4.07093556e-01 -2.35940022e-01 4.97602901e-02 -3.05600132e-01
 4.07870193e-01 -3.05848457e-01 4.52951706e-02 -2.60974940e-01
 3.70252792e-01 -3.60616882e-01 -9.09276778e-03 -3.12917746e-01
 3.77799143e-01 -3.76872941e-01 -1.45727028e-01 -3.25438275e-01
 5.39407857e-01 -3.78397088e-01 -5.72017642e-02 -3.09058156e-01
 4.71735024e-01 -3.93351432e-01 -5.82792762e-02 -2.99527793e-01
 4.89688367e-01 -4.52105819e-01 -1.61253739e-01 -4.33389852e-01
 4.65590460e-01 -4.92651920e-01 -5.82751122e-02 -4.61167778e-01
 4.84264825e-01 -5.43322336e-01 -4.73829284e-02 -5.13256722e-01
 3.88046099e-01 -5.26203786e-01 -6.83605222e-02 -4.87303587e-01
 3.35917899e-01 -5.64540710e-01 -5.41498457e-02 -5.71986514e-01
 3.57780727e-01 -4.93428193e-01 -8.65889989e-03 -4.86158094e-01
 2.80724035e-01 -4.30272532e-01 4.07059627e-02 -5.13988513e-01
 2.38071150e-01 -4.47533614e-01 -1.91418158e-02 -5.01946419e-01
 2.55529114e-01 -4.07568454e-01 -1.87792952e-02 -4.45770055e-01
 3.78019123e-01 -3.80641282e-01 -9.42125089e-02 -4.13888166e-01
 4.43310752e-01 -5.02533982e-01 -9.55645760e-02 -5.18006399e-01
 4.46060105e-01 -4.79831332e-01 -1.45857004e-01 -4.65948116e-01
 4.50278114e-01 -6.07524295e-01 -1.91259669e-01 -5.30659973e-01
 4.37153131e-01 -5.80262123e-01 -1.61160552e-01 -5.09984570e-01
 5.60339743e-01 -4.55703677e-01 -1.67401662e-01 -6.75079125e-01
 4.50413935e-01 -4.62077774e-01 -1.51158258e-01 -6.02925600e-01
 3.86746856e-01 -3.97480998e-01 -7.18077454e-02 -6.70530291e-01
 3.09054862e-01 -3.84784274e-01 -1.66847732e-01 -5.27501061e-01
 3.10378688e-01 -3.87037586e-01 -1.01446816e-01 -4.61284698e-01
 3.26202954e-01 -2.86023762e-01 -1.31378070e-02 -4.33176278e-01
 3.37013403e-01 -1.27257808e-01 1.07026410e-02 -2.71139232e-01
 3.32209237e-01 -1.52353236e-01 1.71467317e-01 -2.87669923e-01
 4.65470109e-01 -2.48083372e-01 9.35086972e-02 -3.13060220e-01
 4.66951648e-01 -1.76635147e-01 4.64809670e-02 -3.36061469e-01
 3.93963867e-01 -2.80532539e-01 1.34090323e-02 -2.53098708e-01
 3.99743315e-01 -3.42252330e-01 1.18833413e-01 -2.73222072e-01
 3.82445006e-01 -3.72247165e-01 1.13449147e-01 -2.36805614e-01
 4.13489340e-01 -3.38599909e-01 9.05259412e-02 -3.03007509e-01
 4.87699406e-01 -3.34042457e-01 -1.07085319e-02 -3.25791944e-01
 4.73011044e-01 -3.78222274e-01 1.29854528e-01 -2.95809576e-01
 4.87062806e-01 -3.59358012e-01 1.73548967e-01 -2.84585805e-01
 4.38416727e-01 -4.02337908e-01 1.45581188e-01 -2.59707576e-01
 4.00331461e-01 -2.37043879e-01 1.08419543e-01 -2.32205828e-01
 4.69471432e-01 -2.52934736e-01 1.12217161e-01 -4.09373900e-01
 4.39722584e-01 -3.43698033e-01 1.37136140e-01 -3.61914052e-01
 3.83254396e-01 -2.96624858e-01 2.26515437e-01 -3.66638778e-01
 3.65494772e-01 -3.31626667e-01 1.95720280e-01 -3.95235685e-01
 4.06345499e-01 -1.67679092e-01 2.64076553e-01 -3.34280054e-01
 4.73520503e-01 -1.89072335e-01 2.93746457e-01 -3.45927938e-01
 4.29743333e-01 -1.97038269e-01 2.25055843e-01 -2.66792388e-01
 4.80325039e-01 -2.42679527e-01 1.06533659e-01 -2.06301949e-01
 4.68197260e-01 -2.74437830e-01 2.37696996e-01 -3.09909706e-01
 4.18456121e-01 -2.63955448e-01 2.67214095e-01 -2.12749856e-01
 4.56024381e-01 -3.19044583e-01 3.76692364e-01 -3.24798037e-01
 4.18614235e-01 -2.61303557e-01 2.68257909e-01 -3.36230074e-01
 4.10191553e-01 -3.36565183e-01 3.34416971e-01 -2.90695990e-01
 4.16281443e-01 -3.23761755e-01 3.87330626e-01 -3.02125515e-01
 4.50807043e-01 -2.25321278e-01 3.84127399e-01 -2.83080231e-01
 5.65215880e-01 -2.13503890e-01 2.36962278e-01 -2.54886716e-01
 5.10775716e-01 -2.02017658e-01 2.17436389e-01 -2.07081116e-01
 4.36482530e-01 -3.77815073e-01 1.10702106e-01 -2.53581959e-01
 4.52968548e-01 -3.94009586e-01 1.39489079e-01 -2.19596306e-01
 4.41123400e-01 -3.72120874e-01 1.30022710e-01 -3.42682523e-01
 3.52312911e-01 -2.86024795e-01 2.22300527e-01 -2.28350214e-01
 3.04969116e-01 -2.70860392e-01 1.33186515e-01 -2.22969988e-01
 3.85134319e-01 -3.30905547e-01 1.86773923e-01 -2.87451552e-01
 3.90124631e-01 -2.56947738e-01 7.42240091e-02 -3.67978680e-01
 5.97891748e-01 -3.49680520e-01 1.26410473e-02 -4.58394548e-01
 6.21380241e-01 -3.21098134e-01 -3.40863145e-02 -4.42068488e-01
 5.51842010e-01 -2.34687492e-01 -6.12279288e-02 -4.68413434e-01
 5.94081338e-01 -3.06076741e-01 -4.52443363e-02 -3.65128445e-01
 6.24843739e-01 -3.60727721e-01 -9.31962652e-02 -4.74621082e-01
