 1.38000000e+03 1.37300000e+03 1.38300000e+03 1.38300000e+03
 1.38000000e+03 1.37500000e+03 1.28500000e+03 1.36500000e+03
 1.31100000e+03 1.38300000e+03 1.33200000e+03 1.40200000e+03
 1.28400000e+03 1.38200000e+03 1.33500000e+03 1.36300000e+03
 1.26200000e+03 1.37900000e+03 1.30700000e+03 1.37100000e+03
 1.36600000e+03 1.38100000e+03 1.21300000e+03 1.37900000e+03
 1.38200000e+03 1.38600000e+03 1.13200000e+03 1.37900000e+03
 1.12300000e+03 1.39400000e+03 1.11100000e+03 1.35400000e+03
 1.12200000e+03 1.37500000e+03 1.12500000e+03 1.26000000e+03
 1.05200000e+03 1.37500000e+03 1.22500000e+03 1.22500000e+03
 1.25800000e+03 1.37800000e+03 1.15700000e+03 1.29000000e+03
 8.07000000e+02 1.38200000e+03 1.14400000e+03 1.26100000e+03
 1.02000000e+03 1.37300000e+03 1.09500000e+03 1.21900000e+03
 7.76000000e+02 1.37300000e+03 1.13800000e+03 1.29900000e+03
 7.47000000e+02 1.37300000e+03 1.07500000e+03 1.27300000e+03
 6.39000000e+02 1.37300000e+03 8.61000000e+02 1.31700000e+03
 6.15000000e+02 1.37600000e+03 9.34000000e+02 1.33900000e+03
 5.49000000e+02 1.37500000e+03 9.04000000e+02 1.31700000e+03
 6.25000000e+02 1.32800000e+03 1.12500000e+03 1.26800000e+03
 6.25000000e+02 1.31100000e+03 1.25000000e+03 1.24200000e+03
 7.68000000e+02 1.26900000e+03 1.32400000e+03 1.32800000e+03
 7.71000000e+02 1.19900000e+03 1.29800000e+03 1.25800000e+03
 1.19700000e+03 1.13300000e+03 1.34300000e+03 1.19900000e+03
 1.39400000e+03 1.04700000e+03 1.38500000e+03 1.33300000e+03
 1.37900000e+03 9.80000000e+02 1.35200000e+03 1.27900000e+03
 1.37800000e+03 9.32000000e+02 1.33900000e+03 1.37300000e+03
 1.35100000e+03 1.00200000e+03 1.38200000e+03 1.36600000e+03
 1.34400000e+03 9.27000000e+02 1.32700000e+03 1.35700000e+03
 1.01400000e+03 8.27000000e+02 1.28900000e+03 1.34100000e+03
 7.58000000e+02 7.37000000e+02 1.38000000e+03 1.27600000e+03
 7.07000000e+02 6.44000000e+02 1.27400000e+03 1.21100000e+03
 6.40000000e+02 6.02000000e+02 1.23700000e+03 1.10900000e+03
 9.08000000e+02 5.62000000e+02 1.17900000e+03 9.63000000e+02
 5.49000000e+02 5.49000000e+02 1.21800000e+03 9.28000000e+02
 5.49000000e+02 5.84000000e+02 1.13600000e+03 9.12000000e+02
 7.09000000e+02 6.15000000e+02 1.02800000e+03 1.02600000e+03
 5.52000000e+02 7.25000000e+02 9.50000000e+02 1.12300000e+03
 5.52000000e+02 8.26000000e+02 1.22500000e+03 9.99000000e+02
 5.45000000e+02 9.26000000e+02 1.01800000e+03 1.03700000e+03
 5.45000000e+02 1.00000000e+03 1.10800000e+03 1.12100000e+03
 6.80000000e+02 1.14400000e+03 1.19600000e+03 1.03700000e+03
 8.56000000e+02 1.28100000e+03 1.16700000e+03 9.76000000e+02
 9.01000000e+02 1.34800000e+03 1.19400000e+03 1.04700000e+03
 9.74000000e+02 1.38200000e+03 1.22900000e+03 9.93000000e+02
 5.57000000e+02 1.34800000e+03 1.27200000e+03 1.06300000e+03
 9.71000000e+02 1.27400000e+03 1.30900000e+03 1.13800000e+03
 5.54000000e+02 1.16100000e+03 1.29700000e+03 1.03800000e+03
 8.03000000e+02 9.80000000e+02 1.32300000e+03 1.10000000e+03
 9.98000000e+02 8.10000000e+02 1.28800000e+03 1.15500000e+03
 7.66000000e+02 7.76000000e+02 1.18300000e+03 1.20000000e+03
 7.82000000e+02 5.53000000e+02 1.20300000e+03 1.25300000e+03
 6.50000000e+02 5.45000000e+02 1.23200000e+03 1.29600000e+03
 7.67000000e+02 6.78000000e+02 1.15800000e+03 1.30400000e+03
 7.16000000e+02 1.02100000e+03 1.18700000e+03 1.32700000e+03
 6.63000000e+02 1.31900000e+03 1.27900000e+03 1.34300000e+03
 7.33000000e+02 1.32600000e+03 1.36700000e+03 1.36700000e+03
 8.97000000e+02 1.37800000e+03 1.38000000e+03 1.39300000e+03
 1.24600000e+03 1.36500000e+03 1.35900000e+03 1.35300000e+03
 7.73000000e+02 1.29200000e+03 1.26700000e+03 1.26700000e+03
 9.40000000e+02 1.22000000e+03 1.19000000e+03 1.17200000e+03
 1.21000000e+03 8.50000000e+02 1.26500000e+03 1.09900000e+03
 1.26700000e+03 7.21000000e+02 1.11200000e+03 9.70000000e+02
 9.49000000e+02 6.02000000e+02 9.23000000e+02 8.51000000e+02
 8.13000000e+02 5.63000000e+02 8.12000000e+02 5.96000000e+02
 5.73000000e+02 5.63000000e+02 9.07000000e+02 5.46000000e+02
 7.90000000e+02 5.56000000e+02 6.57000000e+02 5.41000000e+02
 8.73000000e+02 7.41000000e+02 6.98000000e+02 5.91000000e+02
 9.00000000e+02 8.40000000e+02 5.62000000e+02 6.18000000e+02
 5.85000000e+02 8.00000000e+02 5.42000000e+02 7.28000000e+02
 5.47000000e+02 9.43000000e+02 5.52000000e+02 9.75000000e+02
 6.89000000e+02 1.33400000e+03 5.61000000e+02 1.07000000e+03
 5.49000000e+02 1.36900000e+03 5.39000000e+02 1.13100000e+03
 5.64000000e+02 1.38000000e+03 5.60000000e+02 1.20500000e+03
 9.01000000e+02 1.33000000e+03 5.50000000e+02 1.24100000e+03
 5.79000000e+02 1.15300000e+03 5.47000000e+02 1.13900000e+03
 7.72000000e+02 9.46000000e+02 5.45000000e+02 1.20500000e+03
 5.56000000e+02 7.82000000e+02 5.55000000e+02 1.23300000e+03
 5.56000000e+02 6.95000000e+02 6.55000000e+02 1.26400000e+03
 5.56000000e+02 6.84000000e+02 6.84000000e+02 1.28000000e+03
 1.03500000e+03 5.49000000e+02 7.41000000e+02 1.21100000e+03
 8.87000000e+02 5.44000000e+02 9.44000000e+02 1.13400000e+03
 6.15000000e+02 6.04000000e+02 1.10800000e+03 1.15400000e+03
 1.23500000e+03 6.79000000e+02 1.24900000e+03 1.02100000e+03
 1.21700000e+03 1.04300000e+03 1.31000000e+03 1.21500000e+03
 7.36000000e+02 1.08400000e+03 1.39200000e+03 9.38000000e+02
 1.28000000e+03 1.14600000e+03 1.38500000e+03 7.00000000e+02
 1.28000000e+03 1.17000000e+03 1.35300000e+03 6.29000000e+02
 1.27600000e+03 1.18800000e+03 1.16100000e+03 5.83000000e+02
 7.50000000e+02 1.22800000e+03 8.66000000e+02 5.54000000e+02
 1.23900000e+03 1.34800000e+03 5.99000000e+02 5.50000000e+02
 7.86000000e+02 1.38000000e+03 6.14000000e+02 5.80000000e+02
 1.38800000e+03 1.36700000e+03 6.75000000e+02 6.66000000e+02
 1.24200000e+03 1.36000000e+03 5.53000000e+02 6.77000000e+02
 1.37800000e+03 1.33300000e+03 5.60000000e+02 9.94000000e+02
 1.30800000e+03 1.35300000e+03 5.81000000e+02 1.16100000e+03
 1.30800000e+03 1.28400000e+03 7.06000000e+02 1.22400000e+03
 1.08600000e+03 1.26300000e+03 7.94000000e+02 1.28200000e+03
 1.39200000e+03 1.20500000e+03 9.96000000e+02 1.26500000e+03
 1.26400000e+03 1.08800000e+03 1.37300000e+03 1.28500000e+03
 1.38800000e+03 1.03700000e+03 1.38200000e+03 1.31100000e+03
 1.36800000e+03 9.34000000e+02 1.33600000e+03 1.25300000e+03
 1.37800000e+03 9.82000000e+02 1.24200000e+03 1.23900000e+03
 1.08900000e+03 7.14000000e+02 1.13900000e+03 1.22600000e+03
 1.37400000e+03 6.89000000e+02 7.65000000e+02 1.25800000e+03
 1.01600000e+03 6.73000000e+02 6.01000000e+02 1.23400000e+03
 9.05000000e+02 5.89000000e+02 5.46000000e+02 1.30100000e+03
 1.21300000e+03 5.55000000e+02 5.72000000e+02 1.31300000e+03
 9.72000000e+02 5.44000000e+02 6.12000000e+02 1.29300000e+03
 1.05800000e+03 5.74000000e+02 8.71000000e+02 1.28200000e+03
 1.13700000e+03 6.27000000e+02 1.00900000e+03 1.32400000e+03
 1.03000000e+03 6.66000000e+02 9.59000000e+02 1.33700000e+03
 9.36000000e+02 7.40000000e+02 1.32200000e+03 1.35200000e+03
 1.04300000e+03 8.28000000e+02 1.34900000e+03 1.37100000e+03
 1.10900000e+03 9.22000000e+02 1.38400000e+03 1.37100000e+03
 1.19300000e+03 1.04500000e+03 1.36500000e+03 1.34100000e+03
 1.16200000e+03 1.12300000e+03 1.31100000e+03 1.28600000e+03
 1.29600000e+03 1.22400000e+03 1.19100000e+03 1.15000000e+03
 1.37000000e+03 1.29600000e+03 1.34100000e+03 1.05300000e+03
 1.32300000e+03 1.39000000e+03 1.27300000e+03 9.54000000e+02
 1.27600000e+03 1.37200000e+03 1.14900000e+03 8.71000000e+02
 1.14200000e+03 1.34800000e+03 1.15100000e+03 7.80000000e+02
 9.79000000e+02 1.26600000e+03 1.01900000e+03 8.77000000e+02
 1.14700000e+03 1.19900000e+03 9.65000000e+02 8.23000000e+02
 1.04100000e+03 1.06400000e+03 9.16000000e+02 6.99000000e+02
 6.50000000e+02 8.02000000e+02 8.64000000e+02 6.16000000e+02
 5.64000000e+02 7.42000000e+02 7.61000000e+02 6.03000000e+02
 6.57000000e+02 5.82000000e+02 5.93000000e+02 5.65000000e+02
 5.46000000e+02 5.26000000e+02 5.81000000e+02 5.39000000e+02
 5.56000000e+02 6.16000000e+02 5.69000000e+02 5.39000000e+02
 6.24000000e+02 7.27000000e+02 5.90000000e+02 5.29000000e+02
 5.39000000e+02 9.19000000e+02 5.55000000e+02 5.75000000e+02
 6.04000000e+02 1.04600000e+03 5.93000000e+02 6.74000000e+02
 5.69000000e+02 1.21000000e+03 6.98000000e+02 7.42000000e+02
 5.36000000e+02 1.27000000e+03 7.59000000e+02 7.28000000e+02
 5.55000000e+02 1.33300000e+03 8.18000000e+02 8.34000000e+02
 5.86000000e+02 1.34900000e+03 8.78000000e+02 1.03500000e+03
 6.16000000e+02 1.36100000e+03 9.99000000e+02 1.16900000e+03
 5.67000000e+02 1.37800000e+03 1.08500000e+03 1.24100000e+03
 6.47000000e+02 1.37800000e+03 9.42000000e+02 1.29700000e+03
 9.61000000e+02 1.37600000e+03 8.36000000e+02 1.36900000e+03
 1.11600000e+03 1.37700000e+03 8.32000000e+02 1.37800000e+03
 1.21100000e+03 1.37200000e+03 7.28000000e+02 1.34100000e+03
 1.29800000e+03 1.37400000e+03 6.19000000e+02 1.25500000e+03
 1.36800000e+03 1.32900000e+03 5.96000000e+02 1.22800000e+03
 1.35700000e+03 1.33400000e+03 5.62000000e+02 1.18100000e+03
 9.66000000e+02 1.34800000e+03 5.53000000e+02 1.12300000e+03
 1.26900000e+03 1.35600000e+03 5.58000000e+02 1.06000000e+03
 1.04300000e+03 1.36400000e+03 5.85000000e+02 1.02100000e+03
 9.34000000e+02 1.37200000e+03 6.04000000e+02 9.35000000e+02
 1.35200000e+03 1.32200000e+03 6.22000000e+02 8.86000000e+02
 7.12000000e+02 1.24800000e+03 6.65000000e+02 8.42000000e+02
 1.28200000e+03 1.22100000e+03 6.12000000e+02 9.50000000e+02
 8.03000000e+02 1.19700000e+03 7.75000000e+02 1.08500000e+03
 6.01000000e+02 1.10300000e+03 9.02000000e+02 1.19800000e+03
 6.57000000e+02 9.98000000e+02 7.31000000e+02 1.26900000e+03
 7.60000000e+02 9.50000000e+02 9.24000000e+02 1.20400000e+03
 1.13100000e+03 8.86000000e+02 1.08800000e+03 1.30400000e+03
 1.24200000e+03 8.20000000e+02 1.05700000e+03 1.21200000e+03
 1.37400000e+03 1.08100000e+03 1.15000000e+03 1.24900000e+03
 1.34700000e+03 1.16100000e+03 1.21200000e+03 1.30200000e+03
 1.25200000e+03 1.24900000e+03 1.27900000e+03 1.30700000e+03
 1.06300000e+03 1.37400000e+03 1.33900000e+03 1.26500000e+03
 6.90000000e+02 1.37800000e+03 1.37500000e+03 1.29500000e+03
 5.48000000e+02 1.36000000e+03 1.31100000e+03 1.28200000e+03
 7.76000000e+02 1.25200000e+03 1.27400000e+03 1.31700000e+03
 7.20000000e+02 1.19800000e+03 1.21400000e+03 1.33800000e+03
 9.14000000e+02 1.14600000e+03 1.11900000e+03 1.36300000e+03
 1.30000000e+03 1.10300000e+03 8.97000000e+02 1.37700000e+03
 1.20400000e+03 1.06200000e+03 7.85000000e+02 1.34300000e+03
 1.40100000e+03 1.05200000e+03 5.99000000e+02 1.35800000e+03
 1.33600000e+03 1.07900000e+03 5.68000000e+02 1.18000000e+03
 1.25600000e+03 1.03200000e+03 5.42000000e+02 1.06400000e+03
 9.54000000e+02 1.00200000e+03 6.11000000e+02 9.03000000e+02
 1.24200000e+03 8.78000000e+02 7.07000000e+02 6.85000000e+02
 1.35300000e+03 7.18000000e+02 8.82000000e+02 5.60000000e+02
 1.37100000e+03 7.39000000e+02 9.63000000e+02 5.67000000e+02
 5.66000000e+02 6.72000000e+02 9.08000000e+02 6.29000000e+02
 6.38000000e+02 5.67000000e+02 1.06600000e+03 7.79000000e+02
 5.47000000e+02 5.80000000e+02 1.24300000e+03 9.70000000e+02
 1.01800000e+03 6.00000000e+02 1.31800000e+03 1.16900000e+03
 8.51000000e+02 5.64000000e+02 1.26700000e+03 1.32500000e+03
 8.78000000e+02 5.63000000e+02 1.34200000e+03 1.38700000e+03
 1.09600000e+03 5.63000000e+02 1.38700000e+03 1.25400000e+03
 1.01400000e+03 5.71000000e+02 1.37400000e+03 1.12000000e+03
 1.36400000e+03 5.53000000e+02 1.23900000e+03 1.02300000e+03
 1.25100000e+03 5.50000000e+02 1.35800000e+03 8.91000000e+02
 1.36600000e+03 5.50000000e+02 1.38900000e+03 8.43000000e+02
 1.15800000e+03 5.56000000e+02 1.38200000e+03 6.70000000e+02
 7.05000000e+02 6.46000000e+02 1.39000000e+03 7.37000000e+02
 1.39100000e+03 7.05000000e+02 1.37800000e+03 6.07000000e+02
 1.35300000e+03 6.97000000e+02 1.32300000e+03 5.85000000e+02
 8.87000000e+02 6.59000000e+02 1.23100000e+03 5.53000000e+02
 5.81000000e+02 6.61000000e+02 1.04900000e+03 5.55000000e+02
 5.38000000e+02 6.23000000e+02 8.57000000e+02 6.35000000e+02
 6.82000000e+02 5.35000000e+02 7.03000000e+02 7.28000000e+02
 8.88000000e+02 5.55000000e+02 6.02000000e+02 8.25000000e+02
 1.06100000e+03 5.61000000e+02 5.67000000e+02 9.79000000e+02
 9.60000000e+02 5.92000000e+02 5.97000000e+02 1.10200000e+03
 1.22900000e+03 6.49000000e+02 6.94000000e+02 1.26500000e+03
 1.38000000e+03 6.59000000e+02 9.35000000e+02 1.34200000e+03
 1.24000000e+03 7.20000000e+02 1.14500000e+03 1.37000000e+03
 1.06900000e+03 8.05000000e+02 1.32900000e+03 1.33100000e+03
 7.85000000e+02 8.92000000e+02 1.35800000e+03 1.19100000e+03
 1.35500000e+03 1.16500000e+03 1.34700000e+03 8.48000000e+02
 7.01000000e+02 1.22700000e+03 1.36200000e+03 7.27000000e+02
 5.67000000e+02 1.29700000e+03 1.36800000e+03 7.01000000e+02
 5.65000000e+02 1.35000000e+03 1.37500000e+03 5.92000000e+02
 7.90000000e+02 1.37500000e+03 1.37700000e+03 5.68000000e+02
 5.60000000e+02 1.37400000e+03 1.37500000e+03 6.11000000e+02
 6.71000000e+02 1.36100000e+03 1.36200000e+03 7.02000000e+02
 1.09500000e+03 1.38300000e+03 1.35100000e+03 9.10000000e+02
 1.26200000e+03 1.36800000e+03 1.25700000e+03 1.13900000e+03
 1.38700000e+03 1.37500000e+03 1.23200000e+03 1.21800000e+03
 1.36800000e+03 1.28300000e+03 1.33900000e+03 1.31700000e+03
 1.37000000e+03 1.18400000e+03 1.35300000e+03 1.36800000e+03
 1.19700000e+03 1.23500000e+03 1.33400000e+03 1.34400000e+03
 1.15800000e+03 1.17600000e+03 1.28700000e+03 1.21700000e+03
 1.29000000e+03 1.03800000e+03 1.37200000e+03 1.07600000e+03
 1.13600000e+03 1.01400000e+03 1.35100000e+03 7.62000000e+02
 8.17000000e+02 9.18000000e+02 1.29900000e+03 6.30000000e+02
 1.35300000e+03 7.61000000e+02 1.34400000e+03 6.45000000e+02
 1.13500000e+03 7.07000000e+02 1.36300000e+03 5.94000000e+02
 7.32000000e+02 6.45000000e+02 1.38300000e+03 5.76000000e+02
 9.83000000e+02 5.68000000e+02 1.36100000e+03 6.83000000e+02
 6.75000000e+02 5.97000000e+02 1.35800000e+03 7.77000000e+02
 5.53000000e+02 5.70000000e+02 1.31900000e+03 7.45000000e+02
 6.46000000e+02 5.41000000e+02 1.35400000e+03 8.20000000e+02
 5.75000000e+02 5.47000000e+02 1.33800000e+03 1.02100000e+03
 8.46000000e+02 5.70000000e+02 1.32300000e+03 1.20400000e+03
 1.25800000e+03 5.63000000e+02 1.37900000e+03 1.30100000e+03
 1.37600000e+03 6.29000000e+02 1.37300000e+03 1.37500000e+03
 1.30200000e+03 6.68000000e+02 1.37000000e+03 1.36600000e+03
 1.32800000e+03 7.41000000e+02 1.34800000e+03 1.31600000e+03
 1.27100000e+03 8.30000000e+02 1.37700000e+03 1.27300000e+03
 9.64000000e+02 9.35000000e+02 1.34300000e+03 1.18400000e+03
 9.74000000e+02 1.14300000e+03 1.38600000e+03 1.04900000e+03
 1.23200000e+03 1.28300000e+03 1.39300000e+03 8.66000000e+02
 8.94000000e+02 1.35400000e+03 1.39400000e+03 8.04000000e+02
 5.51000000e+02 1.36000000e+03 1.39200000e+03 6.79000000e+02
 6.03000000e+02 1.27500000e+03 1.39200000e+03 5.88000000e+02
 7.89000000e+02 1.12600000e+03 1.36900000e+03 5.52000000e+02
 6.12000000e+02 9.19000000e+02 1.34000000e+03 6.85000000e+02
 8.79000000e+02 6.89000000e+02 1.30800000e+03 8.22000000e+02
 1.30300000e+03 5.70000000e+02 1.36100000e+03 1.01700000e+03
 1.30100000e+03 5.57000000e+02 1.32200000e+03 1.22500000e+03
 1.39500000e+03 6.57000000e+02 1.37400000e+03 1.35500000e+03
 1.36000000e+03 7.64000000e+02 1.35800000e+03 1.38900000e+03
 1.29400000e+03 7.98000000e+02 1.31900000e+03 1.32700000e+03
 1.36600000e+03 9.96000000e+02 1.33400000e+03 1.22700000e+03
 1.24700000e+03 1.16900000e+03 1.35700000e+03 1.00000000e+03
 9.97000000e+02 1.32800000e+03 1.26700000e+03 7.89000000e+02
 1.09500000e+03 1.37700000e+03 1.21000000e+03 6.17000000e+02
 5.85000000e+02 1.29300000e+03 1.07200000e+03 5.41000000e+02
 5.76000000e+02 1.11100000e+03 1.00700000e+03 6.11000000e+02
 5.83000000e+02 9.14000000e+02 9.21000000e+02 7.57000000e+02
 5.61000000e+02 7.74000000e+02 1.01200000e+03 8.86000000e+02
 6.82000000e+02 6.70000000e+02 9.68000000e+02 1.27500000e+03
 9.72000000e+02 5.78000000e+02 8.70000000e+02 1.35500000e+03
 1.01600000e+03 5.43000000e+02 8.02000000e+02 1.37700000e+03
 1.15300000e+03 5.77000000e+02 8.77000000e+02 1.37800000e+03
 1.05700000e+03 5.40000000e+02 1.07200000e+03 1.36000000e+03
 1.27900000e+03 5.52000000e+02 1.15500000e+03 1.26700000e+03
 1.36300000e+03 5.65000000e+02 1.04300000e+03 1.10700000e+03
 1.38500000e+03 6.38000000e+02 1.05200000e+03 9.90000000e+02
 1.31100000e+03 8.46000000e+02 1.11600000e+03 8.55000000e+02
 1.15400000e+03 9.99000000e+02 1.23300000e+03 7.57000000e+02
 1.22200000e+03 1.08500000e+03 1.19800000e+03 6.78000000e+02
 1.04400000e+03 1.22800000e+03 1.12200000e+03 6.00000000e+02
 8.01000000e+02 1.35100000e+03 1.25500000e+03 5.55000000e+02
 7.10000000e+02 1.38100000e+03 1.28900000e+03 5.33000000e+02
 5.63000000e+02 1.34800000e+03 1.36300000e+03 5.74000000e+02
 5.56000000e+02 1.29100000e+03 1.30500000e+03 6.19000000e+02
 6.17000000e+02 1.24700000e+03 1.36000000e+03 6.98000000e+02
 7.56000000e+02 1.13400000e+03 1.33900000e+03 8.31000000e+02
 1.12900000e+03 1.02600000e+03 1.38500000e+03 9.81000000e+02
 1.39200000e+03 9.37000000e+02 1.35900000e+03 1.15900000e+03
 1.39400000e+03 7.98000000e+02 1.30800000e+03 1.29900000e+03
 1.36100000e+03 7.84000000e+02 1.24200000e+03 1.34800000e+03
 1.29600000e+03 7.45000000e+02 1.11200000e+03 1.34700000e+03
 1.23700000e+03 6.25000000e+02 1.10000000e+03 1.39000000e+03
 1.10200000e+03 5.44000000e+02 1.00500000e+03 1.35700000e+03
 9.14000000e+02 5.67000000e+02 8.68000000e+02 1.31900000e+03
 7.74000000e+02 5.59000000e+02 8.04000000e+02 1.23900000e+03
 6.31000000e+02 5.90000000e+02 6.66000000e+02 1.12600000e+03
 6.22000000e+02 6.71000000e+02 6.02000000e+02 9.72000000e+02
 5.33000000e+02 7.90000000e+02 5.43000000e+02 8.28000000e+02
 5.95000000e+02 7.50000000e+02 5.59000000e+02 7.03000000e+02
 7.79000000e+02 9.54000000e+02 6.57000000e+02 6.79000000e+02
 1.00900000e+03 1.01000000e+03 6.96000000e+02 7.13000000e+02
 1.11200000e+03 1.19400000e+03 7.51000000e+02 5.98000000e+02
 1.34400000e+03 1.32300000e+03 7.97000000e+02 5.60000000e+02
 1.38900000e+03 1.38100000e+03 8.78000000e+02 5.48000000e+02
 1.30800000e+03 1.38300000e+03 1.00800000e+03 5.46000000e+02
 1.39100000e+03 1.38400000e+03 7.87000000e+02 6.07000000e+02
 1.19000000e+03 1.33200000e+03 9.14000000e+02 6.86000000e+02
 1.00800000e+03 1.27300000e+03 1.08300000e+03 8.72000000e+02
 7.96000000e+02 1.06400000e+03 9.72000000e+02 1.02100000e+03
 6.60000000e+02 9.20000000e+02 1.03400000e+03 1.22400000e+03
 5.43000000e+02 8.71000000e+02 1.00800000e+03 1.33200000e+03
 5.71000000e+02 7.28000000e+02 8.67000000e+02 1.36900000e+03
